Times Bins DMs SNRs
462472.0 1.0 40.0 8.524144351252303
462471.0 2.0 40.0 10.489994824821698
462472.0 2.0 40.0 10.060809402702994
338792.0 3.0 40.0 8.026802219624724
462470.0 3.0 40.0 9.871045859710517
462471.0 3.0 40.0 11.858244351282226
462472.0 3.0 40.0 10.221481476382287
338721.0 4.0 40.0 8.058217965876953
338791.0 4.0 40.0 8.498745387527979
338792.0 4.0 40.0 9.1575238153756
338793.0 4.0 40.0 8.565366393319438
338794.0 4.0 40.0 8.05463083132955
462469.0 4.0 40.0 8.721048347167219
462470.0 4.0 40.0 11.400570853681025
462471.0 4.0 40.0 12.00753692247619
462472.0 4.0 40.0 9.99049850137067
337838.0 5.0 40.0 8.215846633942094
337839.0 5.0 40.0 8.298605098476086
338720.0 5.0 40.0 9.061497445134298
338721.0 5.0 40.0 8.799987910238066
338791.0 5.0 40.0 9.574713002709915
338792.0 5.0 40.0 9.783261715695435
338793.0 5.0 40.0 8.995419356071054
338794.0 5.0 40.0 8.015581374493303
462468.0 5.0 40.0 8.067154768444327
462469.0 5.0 40.0 10.351244095322967
462470.0 5.0 40.0 11.751491507296741
462471.0 5.0 40.0 11.758115525348751
462472.0 5.0 40.0 8.96094140882189
336897.0 6.0 40.0 8.20832131127462
337837.0 6.0 40.0 8.297730486018086
337838.0 6.0 40.0 8.77518446918129
337839.0 6.0 40.0 8.627115781371002
338137.0 6.0 40.0 8.08677060808284
338719.0 6.0 40.0 8.217818928209928
338720.0 6.0 40.0 9.725723315300463
338721.0 6.0 40.0 8.659012650800031
338722.0 6.0 40.0 8.4535288521692
338790.0 6.0 40.0 8.919023441155408
338791.0 6.0 40.0 10.194245483123808
338792.0 6.0 40.0 10.148919664131089
338793.0 6.0 40.0 8.952269508695974
338794.0 6.0 40.0 8.003410942750072
462468.0 6.0 40.0 9.692914727120682
462469.0 6.0 40.0 10.868417664224081
462470.0 6.0 40.0 11.657123973871474
462471.0 6.0 40.0 10.756616886999094
462472.0 6.0 40.0 8.689676220423722
336895.0 7.0 40.0 8.301330543438533
336896.0 7.0 40.0 8.561517580379169
336897.0 7.0 40.0 8.466398213319776
337836.0 7.0 40.0 8.47670706587032
337837.0 7.0 40.0 8.862790088357851
337838.0 7.0 40.0 9.097797946949397
337839.0 7.0 40.0 8.485106274714719
338136.0 7.0 40.0 8.203148777999585
338718.0 7.0 40.0 8.039282839370978
338719.0 7.0 40.0 8.954128950192946
338720.0 7.0 40.0 9.583610862529966
338721.0 7.0 40.0 9.494086902188515
338722.0 7.0 40.0 8.74990389824247
338789.0 7.0 40.0 8.797602839014083
338790.0 7.0 40.0 9.603339110411056
338791.0 7.0 40.0 10.565745922178417
338792.0 7.0 40.0 10.081747923910426
338793.0 7.0 40.0 8.923507064493613
462467.0 7.0 40.0 9.439993169467742
462468.0 7.0 40.0 10.287696817115762
462469.0 7.0 40.0 10.922776160014521
462470.0 7.0 40.0 10.81367043624938
462471.0 7.0 40.0 10.430391266881704
462472.0 7.0 40.0 8.309747712535925
336894.0 8.0 40.0 8.565688827403758
336895.0 8.0 40.0 8.926836682627725
336896.0 8.0 40.0 8.819541949725565
336897.0 8.0 40.0 8.060614789758336
337835.0 8.0 40.0 8.502316285502154
337836.0 8.0 40.0 9.033569007867634
337837.0 8.0 40.0 9.201059050072097
337838.0 8.0 40.0 8.97599943742514
337839.0 8.0 40.0 8.51541003187443
337903.0 8.0 40.0 8.21459546111444
338134.0 8.0 40.0 8.105188069119844
338135.0 8.0 40.0 9.034224447058552
338717.0 8.0 40.0 8.080300640937004
338718.0 8.0 40.0 8.779041231697905
338719.0 8.0 40.0 8.917744314863205
338720.0 8.0 40.0 10.346627263716243
338721.0 8.0 40.0 9.744719998063873
338722.0 8.0 40.0 8.70577411667491
338723.0 8.0 40.0 8.389119600262957
338788.0 8.0 40.0 8.575069811827493
338789.0 8.0 40.0 9.48840421517678
338790.0 8.0 40.0 10.037975938365049
338791.0 8.0 40.0 10.524739716791998
338792.0 8.0 40.0 10.024895362665518
338793.0 8.0 40.0 8.753036687314088
338794.0 8.0 40.0 8.14327842985973
339443.0 8.0 40.0 8.026949257427216
339444.0 8.0 40.0 8.032185470802245
462466.0 8.0 40.0 8.889451477617683
462467.0 8.0 40.0 10.059253850168801
462468.0 8.0 40.0 10.428254926804565
462469.0 8.0 40.0 10.237218495844727
462470.0 8.0 40.0 10.556496616232552
462471.0 8.0 40.0 10.004314502828572
336893.0 9.0 40.0 8.369141561726364
336894.0 9.0 40.0 9.171025821334899
336895.0 9.0 40.0 9.180897442257837
336896.0 9.0 40.0 8.448103006345923
337834.0 9.0 40.0 8.42559969245475
337835.0 9.0 40.0 9.057238262389344
337836.0 9.0 40.0 9.375526037590545
337837.0 9.0 40.0 9.113991476064344
337838.0 9.0 40.0 9.007898647386805
337839.0 9.0 40.0 8.3910686965729
337902.0 9.0 40.0 8.016181018635416
337903.0 9.0 40.0 8.233308302303643
338134.0 9.0 40.0 9.119616685133774
338135.0 9.0 40.0 8.77912759825522
338136.0 9.0 40.0 8.132689703920885
338716.0 9.0 40.0 8.264811505103621
338717.0 9.0 40.0 8.805158915214992
338718.0 9.0 40.0 8.787889950431794
338719.0 9.0 40.0 9.710673369924061
338720.0 9.0 40.0 10.569306233029186
338721.0 9.0 40.0 9.67860276954431
338722.0 9.0 40.0 9.108652088108082
338723.0 9.0 40.0 8.538701406690675
338724.0 9.0 40.0 8.005760661680146
338787.0 9.0 40.0 8.950895097648136
338788.0 9.0 40.0 9.271650219860035
338789.0 9.0 40.0 9.940298744138492
338790.0 9.0 40.0 10.06860219717014
338791.0 9.0 40.0 10.483115824954915
338792.0 9.0 40.0 9.834210613875014
338793.0 9.0 40.0 9.01259236633633
339442.0 9.0 40.0 8.288720422317219
339443.0 9.0 40.0 8.412089229454294
339444.0 9.0 40.0 8.069132838120675
462465.0 9.0 40.0 8.03464386001082
462466.0 9.0 40.0 9.53971927445796
462467.0 9.0 40.0 10.242912733849355
462468.0 9.0 40.0 9.850612076173089
462469.0 9.0 40.0 10.067741704372313
462470.0 9.0 40.0 10.186178168888876
462471.0 9.0 40.0 9.177045238134793
336892.0 10.0 40.0 8.627569330131712
336893.0 10.0 40.0 8.978678844446502
336894.0 10.0 40.0 9.425757628717383
336895.0 10.0 40.0 8.835900154916443
336896.0 10.0 40.0 8.217954114324733
336897.0 10.0 40.0 8.040062287119076
337818.0 10.0 40.0 8.444910851506554
337834.0 10.0 40.0 8.980973498049664
337835.0 10.0 40.0 9.406985875881746
337836.0 10.0 40.0 9.311019053836516
337837.0 10.0 40.0 9.163556525991675
337838.0 10.0 40.0 8.88969544751893
337839.0 10.0 40.0 8.69073721389432
337840.0 10.0 40.0 8.304521868218819
337885.0 10.0 40.0 8.061197801727914
337902.0 10.0 40.0 8.068261577139822
338133.0 10.0 40.0 8.974684153707942
338134.0 10.0 40.0 8.899783762682903
338135.0 10.0 40.0 8.932556211118369
338136.0 10.0 40.0 8.007976674112077
338137.0 10.0 40.0 8.160125531532314
338716.0 10.0 40.0 8.966755231264473
338717.0 10.0 40.0 8.838018432085644
338718.0 10.0 40.0 9.57300506235289
338719.0 10.0 40.0 9.98497317431797
338720.0 10.0 40.0 10.492910556239137
338721.0 10.0 40.0 10.036473811015894
338722.0 10.0 40.0 9.238292836283412
338723.0 10.0 40.0 8.585236123425581
338724.0 10.0 40.0 8.147525089468932
338786.0 10.0 40.0 8.77264860128982
338787.0 10.0 40.0 9.617648786267557
338788.0 10.0 40.0 9.739368375891946
338789.0 10.0 40.0 10.003871513490108
338790.0 10.0 40.0 10.083458252938264
338791.0 10.0 40.0 10.308169254261074
338792.0 10.0 40.0 10.0506931920216
338793.0 10.0 40.0 8.196850249399004
339374.0 10.0 40.0 8.039118314352068
339441.0 10.0 40.0 8.212497241312754
339442.0 10.0 40.0 8.664257503936968
339443.0 10.0 40.0 8.45125501872994
339444.0 10.0 40.0 8.149305405309155
462465.0 10.0 40.0 8.721537664889572
462466.0 10.0 40.0 9.770182412999073
462467.0 10.0 40.0 9.735076625019076
462468.0 10.0 40.0 9.73976297337395
462469.0 10.0 40.0 9.77253788855927
462470.0 10.0 40.0 9.42143572401944
462471.0 10.0 40.0 8.845625025014575
462470.0 2.0 41.0 8.901365289842865
462471.0 2.0 41.0 9.21005523718121
462472.0 2.0 41.0 8.027627475964206
338793.0 3.0 41.0 8.047888376097006
462469.0 3.0 41.0 8.283223130023968
462470.0 3.0 41.0 11.38035616733312
462471.0 3.0 41.0 9.96208715581252
462472.0 3.0 41.0 8.189250149929036
338720.0 4.0 41.0 8.223595195355479
338721.0 4.0 41.0 8.046017265982233
338790.0 4.0 41.0 8.301409988112322
338791.0 4.0 41.0 8.663970300792768
338792.0 4.0 41.0 8.852650494771336
338793.0 4.0 41.0 8.127535171259575
462468.0 4.0 41.0 8.023150081219368
462469.0 4.0 41.0 10.73494344257455
462470.0 4.0 41.0 11.970605583360186
462471.0 4.0 41.0 10.043129394338635
338719.0 5.0 41.0 8.718588876056339
338720.0 5.0 41.0 8.993238038334619
338790.0 5.0 41.0 8.993376312701015
338791.0 5.0 41.0 9.91989892098333
338792.0 5.0 41.0 8.95367223737307
338793.0 5.0 41.0 8.43746986094463
462468.0 5.0 41.0 10.36159185190013
462469.0 5.0 41.0 11.493274453379676
462470.0 5.0 41.0 11.973083609934013
462471.0 5.0 41.0 9.074401460493515
336896.0 6.0 41.0 8.253964087648287
336897.0 6.0 41.0 8.072724703050678
337837.0 6.0 41.0 8.183482258278406
337838.0 6.0 41.0 8.376808692963953
338136.0 6.0 41.0 8.217353102487456
338718.0 6.0 41.0 8.411933641076534
338719.0 6.0 41.0 9.454074532790328
338720.0 6.0 41.0 8.83785553494899
338721.0 6.0 41.0 8.411940131009324
338789.0 6.0 41.0 8.454376963305819
338790.0 6.0 41.0 10.191277008464523
338791.0 6.0 41.0 10.000975579055579
338792.0 6.0 41.0 9.23976336800727
338793.0 6.0 41.0 8.40001316584813
462467.0 6.0 41.0 9.539346177581008
462468.0 6.0 41.0 11.185627493787592
462469.0 6.0 41.0 11.64779755916898
462470.0 6.0 41.0 11.013456440751707
462471.0 6.0 41.0 8.826479651604446
336895.0 7.0 41.0 8.34012804639519
336896.0 7.0 41.0 8.664537961887518
337836.0 7.0 41.0 8.574423485860743
337837.0 7.0 41.0 8.73942622978466
337838.0 7.0 41.0 8.415020939620957
338134.0 7.0 41.0 8.19477596958816
338135.0 7.0 41.0 8.340202397431124
338136.0 7.0 41.0 8.152831362100178
338718.0 7.0 41.0 9.172156986238907
338719.0 7.0 41.0 9.334363128462106
338720.0 7.0 41.0 9.306399291736387
338721.0 7.0 41.0 8.80860374228726
338722.0 7.0 41.0 8.218519820710283
338788.0 7.0 41.0 8.078843214376342
338789.0 7.0 41.0 9.661730965414968
338790.0 7.0 41.0 10.310548525664537
338791.0 7.0 41.0 10.246228664806896
338792.0 7.0 41.0 9.200296118418539
339377.0 7.0 41.0 8.024290946086985
462466.0 7.0 41.0 9.21112406298972
462467.0 7.0 41.0 10.430453752816256
462468.0 7.0 41.0 11.42605405564093
462469.0 7.0 41.0 10.8611418840217
462470.0 7.0 41.0 10.698942609055457
462471.0 7.0 41.0 8.050550520851766
336894.0 8.0 41.0 8.6902476041667
336895.0 8.0 41.0 8.758265963050823
336896.0 8.0 41.0 8.206293274708523
337834.0 8.0 41.0 8.32894812893732
337835.0 8.0 41.0 8.42051046945686
337836.0 8.0 41.0 9.108519893421283
337837.0 8.0 41.0 8.79198686110836
337838.0 8.0 41.0 8.74490141474803
338133.0 8.0 41.0 8.034083312874758
338134.0 8.0 41.0 8.986308336460988
338135.0 8.0 41.0 8.311383860544561
338136.0 8.0 41.0 8.047170753497399
338716.0 8.0 41.0 8.244816062839977
338717.0 8.0 41.0 8.77063375274596
338718.0 8.0 41.0 9.12379570799497
338719.0 8.0 41.0 9.783029192915711
338720.0 8.0 41.0 9.660079879853862
338721.0 8.0 41.0 9.008699378863433
338722.0 8.0 41.0 8.265759018594117
338787.0 8.0 41.0 8.339169318841991
338788.0 8.0 41.0 9.273082382964024
338789.0 8.0 41.0 9.856451985793276
338790.0 8.0 41.0 10.568005391658458
338791.0 8.0 41.0 10.18868847390833
338792.0 8.0 41.0 8.791749119981164
339376.0 8.0 41.0 8.201996892262105
339443.0 8.0 41.0 8.176005174349092
462465.0 8.0 41.0 8.16800769885478
462466.0 8.0 41.0 10.111697555322266
462467.0 8.0 41.0 10.757853405759318
462468.0 8.0 41.0 10.760474245150503
462469.0 8.0 41.0 10.62967928958379
462470.0 8.0 41.0 9.894589262670285
336892.0 9.0 41.0 8.389923543130308
336893.0 9.0 41.0 8.979392090304623
336894.0 9.0 41.0 9.095314782274437
336895.0 9.0 41.0 8.352935611669757
336896.0 9.0 41.0 8.071770372996646
337833.0 9.0 41.0 8.39979023863376
337834.0 9.0 41.0 8.885670648894486
337835.0 9.0 41.0 8.964597589841672
337836.0 9.0 41.0 9.169310148603
337837.0 9.0 41.0 9.112585933145844
337838.0 9.0 41.0 8.412135320762845
337902.0 9.0 41.0 8.054678021912931
338132.0 9.0 41.0 8.075015243941326
338133.0 9.0 41.0 8.819866049788764
338134.0 9.0 41.0 8.953053459324526
338135.0 9.0 41.0 8.232871775611056
338136.0 9.0 41.0 8.319197876597089
338715.0 9.0 41.0 8.086421991873063
338716.0 9.0 41.0 8.99405419717393
338717.0 9.0 41.0 8.78194776566172
338718.0 9.0 41.0 9.593390969160295
338719.0 9.0 41.0 10.123666321139362
338720.0 9.0 41.0 9.832635580483364
338721.0 9.0 41.0 9.038462368671327
338722.0 9.0 41.0 8.72523416609188
338786.0 9.0 41.0 8.67607608741018
338787.0 9.0 41.0 9.480120138307969
338788.0 9.0 41.0 9.514652174485878
338789.0 9.0 41.0 10.163313991678296
338790.0 9.0 41.0 10.53327434201384
338791.0 9.0 41.0 9.78102967087368
338792.0 9.0 41.0 8.515776989926968
339375.0 9.0 41.0 8.048712848489236
339441.0 9.0 41.0 8.127812940439599
339442.0 9.0 41.0 8.246202068294137
339443.0 9.0 41.0 8.199343423772696
462465.0 9.0 41.0 9.11082353574872
462466.0 9.0 41.0 10.477205776027965
462467.0 9.0 41.0 10.21084136966748
462468.0 9.0 41.0 10.588203360273042
462469.0 9.0 41.0 9.91488548461912
462470.0 9.0 41.0 9.406815381381385
336889.0 10.0 41.0 8.286352416771077
336891.0 10.0 41.0 8.293377378773418
336892.0 10.0 41.0 9.329919478551817
336893.0 10.0 41.0 9.374378773486022
336894.0 10.0 41.0 8.719232505576436
336895.0 10.0 41.0 8.241912400824289
336896.0 10.0 41.0 8.195118796317935
337817.0 10.0 41.0 8.054935530039579
337833.0 10.0 41.0 8.948790364154044
337834.0 10.0 41.0 9.402717817828874
337835.0 10.0 41.0 9.056427537411775
337836.0 10.0 41.0 9.479937357960942
337837.0 10.0 41.0 8.803732748609761
337838.0 10.0 41.0 8.300674666544012
337839.0 10.0 41.0 8.321735802164186
338131.0 10.0 41.0 8.006671352555859
338132.0 10.0 41.0 8.841989136113925
338133.0 10.0 41.0 8.823273373051988
338134.0 10.0 41.0 8.870072512219332
338135.0 10.0 41.0 8.50506369467129
338136.0 10.0 41.0 8.240667048392579
338715.0 10.0 41.0 8.829574811901427
338716.0 10.0 41.0 9.019102857497712
338717.0 10.0 41.0 9.271805987387275
338718.0 10.0 41.0 9.955035617522633
338719.0 10.0 41.0 10.291972193150695
338720.0 10.0 41.0 9.845069760238854
338721.0 10.0 41.0 9.459002593684287
338722.0 10.0 41.0 8.382689136029944
338723.0 10.0 41.0 8.015340513005786
338785.0 10.0 41.0 8.455399487916889
338786.0 10.0 41.0 9.765700326342062
338787.0 10.0 41.0 9.725926215714534
338788.0 10.0 41.0 9.852279178564432
338789.0 10.0 41.0 10.182196301867805
338790.0 10.0 41.0 10.158800916855874
338791.0 10.0 41.0 9.494295417400235
338792.0 10.0 41.0 8.509234860733338
339374.0 10.0 41.0 8.019503024427804
339440.0 10.0 41.0 8.277068287972734
339441.0 10.0 41.0 8.417460172275904
339442.0 10.0 41.0 8.288772993959887
462464.0 10.0 41.0 8.324288085317116
462465.0 10.0 41.0 9.538659009158831
462466.0 10.0 41.0 10.004288193500688
462467.0 10.0 41.0 10.107245597783228
462468.0 10.0 41.0 9.943463757382585
462469.0 10.0 41.0 9.480185221194716
462470.0 10.0 41.0 9.07306231549211
462471.0 1.0 42.0 9.280140370368514
462470.0 2.0 42.0 9.778133565400688
462471.0 2.0 42.0 10.907399127557353
462469.0 3.0 42.0 10.046264112164303
462470.0 3.0 42.0 11.531775177519167
462471.0 3.0 42.0 11.194550281269626
338720.0 4.0 42.0 8.1226314606587
338790.0 4.0 42.0 8.629207386115104
338791.0 4.0 42.0 8.799262030884421
338792.0 4.0 42.0 8.14862601133905
462468.0 4.0 42.0 9.248024960410916
462469.0 4.0 42.0 11.772945637281985
462470.0 4.0 42.0 11.968879293780093
462471.0 4.0 42.0 10.201809604537022
337838.0 5.0 42.0 8.542472964194173
338719.0 5.0 42.0 8.735845518521314
338720.0 5.0 42.0 8.335758083526615
338789.0 5.0 42.0 8.352415967065857
338790.0 5.0 42.0 9.582444237751318
338791.0 5.0 42.0 9.417119917315349
338792.0 5.0 42.0 8.798801983182496
462467.0 5.0 42.0 8.559868697927193
462468.0 5.0 42.0 11.019924964183568
462469.0 5.0 42.0 12.302859139353664
462470.0 5.0 42.0 11.158805632327034
462471.0 5.0 42.0 9.09223228425515
336895.0 6.0 42.0 8.320632730417271
336896.0 6.0 42.0 8.142547413823028
337836.0 6.0 42.0 8.391910202378673
337837.0 6.0 42.0 8.576036315611207
337838.0 6.0 42.0 8.892973281751708
338136.0 6.0 42.0 8.027273848630395
338718.0 6.0 42.0 8.737759416931375
338719.0 6.0 42.0 8.952069826949687
338720.0 6.0 42.0 8.62306311150488
338722.0 6.0 42.0 8.010326107779274
338789.0 6.0 42.0 9.32649417292089
338790.0 6.0 42.0 10.159582421256705
338791.0 6.0 42.0 9.975460273574674
338792.0 6.0 42.0 8.743943445126083
462466.0 6.0 42.0 8.481598626060688
462467.0 6.0 42.0 10.322843672881467
462468.0 6.0 42.0 11.67812173526168
462469.0 6.0 42.0 11.644922699214918
462470.0 6.0 42.0 10.156841138294027
462471.0 6.0 42.0 8.768367717057522
336893.0 7.0 42.0 8.143827532273233
336894.0 7.0 42.0 8.356213306124353
336895.0 7.0 42.0 8.669201863053623
336896.0 7.0 42.0 8.509916243949972
337835.0 7.0 42.0 8.288352390625755
337836.0 7.0 42.0 9.163039833530279
337837.0 7.0 42.0 8.953452836766163
337838.0 7.0 42.0 8.847263144831954
337885.0 7.0 42.0 8.048130268193878
338134.0 7.0 42.0 8.381210511526335
338135.0 7.0 42.0 8.157650910396216
338717.0 7.0 42.0 8.293035359603184
338718.0 7.0 42.0 8.994462466900028
338719.0 7.0 42.0 9.226409919915717
338720.0 7.0 42.0 9.064329805947803
338721.0 7.0 42.0 8.717811256378384
338722.0 7.0 42.0 8.105813140406385
338788.0 7.0 42.0 8.785023704482253
338789.0 7.0 42.0 9.941957858362793
338790.0 7.0 42.0 10.682508271245645
338791.0 7.0 42.0 9.894455285929807
338792.0 7.0 42.0 8.748703516403264
339376.0 7.0 42.0 8.322399044656796
339443.0 7.0 42.0 8.358872400397956
462466.0 7.0 42.0 10.175121195403195
462467.0 7.0 42.0 11.055399518990802
462468.0 7.0 42.0 11.195129578376408
462469.0 7.0 42.0 10.753599113410406
462470.0 7.0 42.0 9.836999950659724
462471.0 7.0 42.0 8.224564871735218
336893.0 8.0 42.0 9.041462416275918
336894.0 8.0 42.0 8.719938287560339
336895.0 8.0 42.0 9.017940628942968
337834.0 8.0 42.0 8.068567443488547
337835.0 8.0 42.0 9.056675234712948
337836.0 8.0 42.0 9.519361842465457
337837.0 8.0 42.0 8.94950433342964
337838.0 8.0 42.0 8.61491004089659
337884.0 8.0 42.0 8.238593884759934
337902.0 8.0 42.0 8.298757798966479
338133.0 8.0 42.0 8.52409267580997
338134.0 8.0 42.0 8.856077501321357
338136.0 8.0 42.0 8.05880117443322
338716.0 8.0 42.0 8.000007306596112
338717.0 8.0 42.0 8.603851858124276
338718.0 8.0 42.0 9.291345553308027
338719.0 8.0 42.0 9.641628638209493
338720.0 8.0 42.0 9.735736220729754
338721.0 8.0 42.0 8.79991372220043
338722.0 8.0 42.0 8.250968513021052
338787.0 8.0 42.0 8.36613535653157
338788.0 8.0 42.0 9.440506342152618
338789.0 8.0 42.0 10.493965041879473
338790.0 8.0 42.0 10.608984911412799
338791.0 8.0 42.0 9.86660105865368
338792.0 8.0 42.0 8.45502405679172
339442.0 8.0 42.0 8.399011693750174
339443.0 8.0 42.0 8.508803502096466
462465.0 8.0 42.0 9.411185936744431
462466.0 8.0 42.0 10.919488804006559
462467.0 8.0 42.0 10.69991404797431
462468.0 8.0 42.0 10.446356827354148
462469.0 8.0 42.0 10.464659323579172
462470.0 8.0 42.0 9.301417665907426
336891.0 9.0 42.0 8.375515097703069
336892.0 9.0 42.0 8.631829301422428
336893.0 9.0 42.0 9.376121738000887
336894.0 9.0 42.0 9.077915222614601
336895.0 9.0 42.0 8.294195010932155
337833.0 9.0 42.0 8.520730805434846
337834.0 9.0 42.0 8.836193901607592
337835.0 9.0 42.0 9.432614162160846
337836.0 9.0 42.0 9.516410824593363
337837.0 9.0 42.0 8.757335993951205
337838.0 9.0 42.0 8.545388272876314
337883.0 9.0 42.0 8.12406146445218
337901.0 9.0 42.0 8.38041684824674
337902.0 9.0 42.0 8.185720883948136
338131.0 9.0 42.0 8.067978101642986
338132.0 9.0 42.0 8.363724910560645
338133.0 9.0 42.0 8.99464868750797
338134.0 9.0 42.0 8.484492051310273
338135.0 9.0 42.0 8.23804082378654
338715.0 9.0 42.0 8.259166679916628
338716.0 9.0 42.0 8.340498820528545
338717.0 9.0 42.0 8.939383632353644
338718.0 9.0 42.0 9.713250537790458
338719.0 9.0 42.0 10.275167301706386
338720.0 9.0 42.0 9.78719150406905
338721.0 9.0 42.0 8.92707069049287
338722.0 9.0 42.0 8.345442504767696
338786.0 9.0 42.0 8.786750433578355
338787.0 9.0 42.0 9.040600132442503
338788.0 9.0 42.0 10.026417180586941
338789.0 9.0 42.0 10.474965265315571
338790.0 9.0 42.0 10.578478235929936
338791.0 9.0 42.0 9.55816254910583
338792.0 9.0 42.0 8.468839839472244
339374.0 9.0 42.0 8.297743107848436
339441.0 9.0 42.0 8.588722347547668
339442.0 9.0 42.0 8.569008502584646
339443.0 9.0 42.0 8.504933000107215
462464.0 9.0 42.0 8.427253357499563
462465.0 9.0 42.0 10.194330552717739
462466.0 9.0 42.0 10.63302255854836
462467.0 9.0 42.0 10.063719123827338
462468.0 9.0 42.0 10.231312111445623
462469.0 9.0 42.0 9.960217596828377
462470.0 9.0 42.0 8.66880495901195
336358.0 10.0 42.0 8.008898232210655
336890.0 10.0 42.0 8.035962913978427
336891.0 10.0 42.0 9.219026158041142
336892.0 10.0 42.0 8.996912551691304
336893.0 10.0 42.0 9.707686737907569
336894.0 10.0 42.0 8.414739525108743
336895.0 10.0 42.0 8.389023348821969
337833.0 10.0 42.0 9.249478461218635
337834.0 10.0 42.0 9.230776495404854
337835.0 10.0 42.0 9.46224744640741
337836.0 10.0 42.0 9.331318377765895
337837.0 10.0 42.0 8.70939573411648
337838.0 10.0 42.0 8.767849901591473
337839.0 10.0 42.0 8.447537596921542
337884.0 10.0 42.0 8.14604209002928
337901.0 10.0 42.0 8.293383552819462
338131.0 10.0 42.0 8.649356924013347
338132.0 10.0 42.0 8.843418845961029
338133.0 10.0 42.0 8.661052360406769
338134.0 10.0 42.0 8.911227833821178
338136.0 10.0 42.0 8.254236782428416
338715.0 10.0 42.0 8.592401350280095
338716.0 10.0 42.0 8.697616826083973
338717.0 10.0 42.0 9.385010398007157
338718.0 10.0 42.0 10.338943339247528
338719.0 10.0 42.0 10.324917518312354
338720.0 10.0 42.0 9.883025867729701
338721.0 10.0 42.0 9.006254193570639
338722.0 10.0 42.0 8.477854151233013
338723.0 10.0 42.0 8.01258185427343
338785.0 10.0 42.0 8.86145850766078
338786.0 10.0 42.0 9.429610784007748
338787.0 10.0 42.0 9.64471529928256
338788.0 10.0 42.0 10.063231438514132
338789.0 10.0 42.0 10.484085642406301
338790.0 10.0 42.0 10.278338521997808
338791.0 10.0 42.0 9.539512663007804
339373.0 10.0 42.0 8.079719937536813
339440.0 10.0 42.0 8.62699985997094
339441.0 10.0 42.0 8.764948253550154
339442.0 10.0 42.0 8.587257920344868
339443.0 10.0 42.0 8.311368872152098
462463.0 10.0 42.0 8.102708615267552
462464.0 10.0 42.0 9.248365037489098
462465.0 10.0 42.0 9.991874341135931
462466.0 10.0 42.0 10.064359092265512
462467.0 10.0 42.0 9.91005157304378
462468.0 10.0 42.0 9.795491152770307
462469.0 10.0 42.0 9.35360168249744
462470.0 10.0 42.0 8.140150880059233
462470.0 1.0 43.0 9.008988969939923
462471.0 1.0 43.0 10.563474629885075
462470.0 2.0 43.0 13.839821735963119
462471.0 2.0 43.0 10.474220652414632
338790.0 3.0 43.0 8.104615416522996
462469.0 3.0 43.0 12.125216361476227
462470.0 3.0 43.0 13.753507557500308
462471.0 3.0 43.0 9.154984812765194
338719.0 4.0 43.0 8.366374309109654
338720.0 4.0 43.0 8.214628771039106
338789.0 4.0 43.0 8.114815720227156
338790.0 4.0 43.0 9.132634343741708
338791.0 4.0 43.0 8.118520295695273
462468.0 4.0 43.0 11.218959318890878
462469.0 4.0 43.0 12.625400531445164
462470.0 4.0 43.0 12.432943904085342
462471.0 4.0 43.0 8.42459914487568
337838.0 5.0 43.0 8.12073939260127
338718.0 5.0 43.0 8.271385372130672
338719.0 5.0 43.0 9.069196420269318
338720.0 5.0 43.0 8.317734956122145
338789.0 5.0 43.0 9.1487802055051
338790.0 5.0 43.0 9.565893949288961
338791.0 5.0 43.0 8.73167220238319
462467.0 5.0 43.0 11.180114119602255
462468.0 5.0 43.0 11.934891594695419
462469.0 5.0 43.0 11.759443480152617
462470.0 5.0 43.0 11.564132897517743
336895.0 6.0 43.0 8.14562788091007
336896.0 6.0 43.0 8.01870685934241
337836.0 6.0 43.0 8.310766179889319
337837.0 6.0 43.0 8.458845197129401
337838.0 6.0 43.0 8.764067085257322
338717.0 6.0 43.0 8.475792656575052
338718.0 6.0 43.0 8.998596995118467
338719.0 6.0 43.0 9.164807895929293
338720.0 6.0 43.0 8.06783187320679
338788.0 6.0 43.0 8.986655775558367
338789.0 6.0 43.0 9.627317268371161
338790.0 6.0 43.0 10.074572150895511
338791.0 6.0 43.0 8.953420303000284
338792.0 6.0 43.0 8.119356392291
462466.0 6.0 43.0 10.411649767191335
462467.0 6.0 43.0 11.9407748188611
462468.0 6.0 43.0 11.321273309198807
462469.0 6.0 43.0 11.139958651022583
462470.0 6.0 43.0 10.592984620255772
336893.0 7.0 43.0 8.430834857043836
336894.0 7.0 43.0 8.346902841885766
336895.0 7.0 43.0 8.3525006903689
337835.0 7.0 43.0 8.66236518675422
337836.0 7.0 43.0 8.816246887830854
337837.0 7.0 43.0 9.082040918454746
337838.0 7.0 43.0 8.228711653792686
338133.0 7.0 43.0 8.79173501235065
338716.0 7.0 43.0 8.155151128202608
338717.0 7.0 43.0 9.187544631039883
338718.0 7.0 43.0 9.151175386879839
338719.0 7.0 43.0 8.924555182535263
338720.0 7.0 43.0 8.935748678459525
338721.0 7.0 43.0 8.12438655235311
338787.0 7.0 43.0 8.16370526242378
338788.0 7.0 43.0 9.50105986443575
338789.0 7.0 43.0 10.155749256329907
338790.0 7.0 43.0 10.236887959398288
338791.0 7.0 43.0 9.128958161224286
339375.0 7.0 43.0 8.128667988932675
462465.0 7.0 43.0 9.633861036090247
462466.0 7.0 43.0 11.245402943885285
462467.0 7.0 43.0 11.449647307853871
462468.0 7.0 43.0 10.85651632393609
462469.0 7.0 43.0 10.347319587182996
462470.0 7.0 43.0 9.98360887883625
336892.0 8.0 43.0 8.639815277487518
336893.0 8.0 43.0 9.050703928137759
336894.0 8.0 43.0 8.566540970651959
336895.0 8.0 43.0 8.077143793253569
337834.0 8.0 43.0 8.474575973956515
337835.0 8.0 43.0 9.152409858160159
337836.0 8.0 43.0 9.41674036785457
337837.0 8.0 43.0 8.602821571837522
337901.0 8.0 43.0 8.037679662543109
338132.0 8.0 43.0 8.38631118384347
338133.0 8.0 43.0 8.791965637054593
338134.0 8.0 43.0 8.04870881548945
338715.0 8.0 43.0 8.02394017793848
338716.0 8.0 43.0 8.882354665732104
338717.0 8.0 43.0 9.361288208566211
338718.0 8.0 43.0 8.971341242917912
338719.0 8.0 43.0 9.719837112220699
338720.0 8.0 43.0 9.288016387162866
338721.0 8.0 43.0 8.073679782479603
338786.0 8.0 43.0 8.332930958896483
338787.0 8.0 43.0 8.741202533935478
338788.0 8.0 43.0 10.049759937077518
338789.0 8.0 43.0 10.350730003572902
338790.0 8.0 43.0 10.36120086393112
338791.0 8.0 43.0 8.91132436363487
339441.0 8.0 43.0 8.088511896863688
339442.0 8.0 43.0 8.742791820527462
462464.0 8.0 43.0 8.846906169876808
462465.0 8.0 43.0 10.514009881575602
462466.0 8.0 43.0 10.888261270403165
462467.0 8.0 43.0 11.060995191915906
462468.0 8.0 43.0 10.186885127301542
462469.0 8.0 43.0 9.844048385674027
462470.0 8.0 43.0 9.448869444757388
336891.0 9.0 43.0 8.727787565652722
336892.0 9.0 43.0 9.243483998547061
336893.0 9.0 43.0 9.248421399261757
336894.0 9.0 43.0 8.325603263247958
337833.0 9.0 43.0 8.552524808523339
337834.0 9.0 43.0 8.979393601766784
337835.0 9.0 43.0 9.731963806866437
337836.0 9.0 43.0 8.97939869970843
337837.0 9.0 43.0 8.278649726270997
337838.0 9.0 43.0 8.241640751217535
337901.0 9.0 43.0 8.303487251648637
338131.0 9.0 43.0 8.518741155463715
338132.0 9.0 43.0 8.44225322705588
338133.0 9.0 43.0 8.920938159753025
338135.0 9.0 43.0 8.26213814071098
338715.0 9.0 43.0 8.74724037514087
338716.0 9.0 43.0 9.0976187022699
338717.0 9.0 43.0 9.213590710293076
338718.0 9.0 43.0 9.751494092760659
338719.0 9.0 43.0 10.040186546493434
338720.0 9.0 43.0 9.20372866844501
338721.0 9.0 43.0 8.044036813517016
338785.0 9.0 43.0 8.826377953356456
338786.0 9.0 43.0 8.897936133820242
338787.0 9.0 43.0 9.337142120088938
338788.0 9.0 43.0 10.277237398823118
338789.0 9.0 43.0 10.49930911057231
338790.0 9.0 43.0 10.119326697429983
338791.0 9.0 43.0 8.522898859794582
339373.0 9.0 43.0 8.00130011646646
339441.0 9.0 43.0 8.926763604828983
339442.0 9.0 43.0 8.24575414177489
462463.0 9.0 43.0 8.230032710959511
462464.0 9.0 43.0 9.757379884337354
462465.0 9.0 43.0 10.260741558398513
462466.0 9.0 43.0 10.596317656684109
462467.0 9.0 43.0 10.458146246862443
462468.0 9.0 43.0 9.759867106097953
462469.0 9.0 43.0 9.384821942251515
462470.0 9.0 43.0 8.666803322020234
336357.0 10.0 43.0 8.020785853724842
336888.0 10.0 43.0 8.211805479981075
336890.0 10.0 43.0 8.630816577694683
336891.0 10.0 43.0 9.321359468285143
336892.0 10.0 43.0 9.447766109015204
336893.0 10.0 43.0 9.010036499884855
336894.0 10.0 43.0 8.005829826579244
337832.0 10.0 43.0 8.626316103210563
337833.0 10.0 43.0 9.05234699532525
337834.0 10.0 43.0 9.564988017109949
337835.0 10.0 43.0 9.328568458160493
337836.0 10.0 43.0 8.677824765501523
337837.0 10.0 43.0 8.628670351781235
337838.0 10.0 43.0 8.689534210879536
337883.0 10.0 43.0 8.008478177285175
337900.0 10.0 43.0 8.153654360926808
338130.0 10.0 43.0 8.369628095558168
338131.0 10.0 43.0 8.589667334008631
338132.0 10.0 43.0 8.60839654140162
338133.0 10.0 43.0 8.795664379484634
338134.0 10.0 43.0 8.400069453188383
338135.0 10.0 43.0 8.311121202158759
338714.0 10.0 43.0 8.052853427658622
338715.0 10.0 43.0 8.984500229668933
338716.0 10.0 43.0 8.998547820275341
338717.0 10.0 43.0 9.967647651363931
338718.0 10.0 43.0 10.082350257549777
338719.0 10.0 43.0 9.948926546380992
338720.0 10.0 43.0 9.141348312553497
338721.0 10.0 43.0 8.53976173845375
338784.0 10.0 43.0 8.347985409094074
338785.0 10.0 43.0 9.361560713543952
338786.0 10.0 43.0 9.480944949738506
338787.0 10.0 43.0 9.6190557004722
338788.0 10.0 43.0 10.452388302738882
338789.0 10.0 43.0 10.293215635526218
338790.0 10.0 43.0 9.715037205974324
338791.0 10.0 43.0 8.235645265222534
339439.0 10.0 43.0 8.043115583709492
339440.0 10.0 43.0 8.796860512493144
339441.0 10.0 43.0 8.47149004214772
339442.0 10.0 43.0 8.497241719051218
462462.0 10.0 43.0 8.151911543069932
462463.0 10.0 43.0 9.151444469738841
462464.0 10.0 43.0 9.586841146547345
462465.0 10.0 43.0 10.04798678083956
462466.0 10.0 43.0 10.080763395533115
462467.0 10.0 43.0 10.069064538264655
462468.0 10.0 43.0 9.357462200874046
462469.0 10.0 43.0 8.673949635282012
462470.0 10.0 43.0 8.037253356007408
462470.0 1.0 44.0 13.563489785053642
462469.0 2.0 44.0 11.70976521823413
462470.0 2.0 44.0 14.668266404173606
462468.0 3.0 44.0 9.778665799431927
462469.0 3.0 44.0 13.706688152747898
462470.0 3.0 44.0 13.08894430805018
338718.0 4.0 44.0 8.156603075218381
338719.0 4.0 44.0 8.060676742504455
338720.0 4.0 44.0 8.256224797400975
338789.0 4.0 44.0 8.713863260210012
338790.0 4.0 44.0 8.090331391459003
338791.0 4.0 44.0 8.046058748704656
462467.0 4.0 44.0 9.406069168286008
462468.0 4.0 44.0 12.058858747541267
462469.0 4.0 44.0 12.833667778880091
462470.0 4.0 44.0 11.889146878335913
337837.0 5.0 44.0 8.235515317483937
338718.0 5.0 44.0 8.590530249056899
338719.0 5.0 44.0 8.70603358535637
338720.0 5.0 44.0 8.257231255410941
338788.0 5.0 44.0 8.20787880116608
338789.0 5.0 44.0 9.593894895943205
338790.0 5.0 44.0 8.673187828652877
338791.0 5.0 44.0 8.716090437098416
338792.0 5.0 44.0 8.409189533140841
462466.0 5.0 44.0 9.69706973786716
462467.0 5.0 44.0 11.62429322290349
462468.0 5.0 44.0 11.647397588467726
462469.0 5.0 44.0 11.974105002562316
462470.0 5.0 44.0 10.878498135044845
336893.0 6.0 44.0 8.116178783237821
336894.0 6.0 44.0 8.227643795570286
337835.0 6.0 44.0 8.720903539990912
337836.0 6.0 44.0 8.244930227179916
337837.0 6.0 44.0 8.910696049845033
337838.0 6.0 44.0 8.037072167462988
338133.0 6.0 44.0 8.176346984544173
338134.0 6.0 44.0 8.254674470891644
338716.0 6.0 44.0 8.210871601990064
338717.0 6.0 44.0 8.442836818512541
338718.0 6.0 44.0 9.208015298841802
338719.0 6.0 44.0 8.74409201858896
338720.0 6.0 44.0 8.361506354863693
338788.0 6.0 44.0 9.135882137214956
338789.0 6.0 44.0 10.069760860425147
338790.0 6.0 44.0 9.304587149882861
338791.0 6.0 44.0 9.34977710014527
462465.0 6.0 44.0 8.939820499743892
462466.0 6.0 44.0 11.783629101406813
462467.0 6.0 44.0 11.398033077198354
462468.0 6.0 44.0 11.08473715657189
462469.0 6.0 44.0 11.15402928399248
462470.0 6.0 44.0 9.8586569566472
336892.0 7.0 44.0 8.448988371746458
336893.0 7.0 44.0 8.67769195065544
336894.0 7.0 44.0 8.50756323205393
337834.0 7.0 44.0 8.256157849487176
337835.0 7.0 44.0 9.207222040848864
337836.0 7.0 44.0 8.92274282100242
337837.0 7.0 44.0 9.112399898936687
338133.0 7.0 44.0 9.051799319976984
338716.0 7.0 44.0 8.696300790397794
338717.0 7.0 44.0 9.081190477995086
338718.0 7.0 44.0 9.262480461277999
338719.0 7.0 44.0 8.858072664991278
338720.0 7.0 44.0 9.418671686521208
338787.0 7.0 44.0 8.425947089512125
338788.0 7.0 44.0 9.672649225546563
338789.0 7.0 44.0 10.606979212485928
338790.0 7.0 44.0 9.904144453642296
338791.0 7.0 44.0 8.732751471146702
339441.0 7.0 44.0 8.210091308351465
339442.0 7.0 44.0 8.092954341296668
462464.0 7.0 44.0 8.053805530014202
462465.0 7.0 44.0 10.990666430011212
462466.0 7.0 44.0 11.637727915541069
462467.0 7.0 44.0 10.97115295258435
462468.0 7.0 44.0 10.469131175340213
462469.0 7.0 44.0 10.259958287908962
462470.0 7.0 44.0 9.328424805670798
336891.0 8.0 44.0 8.58734244403273
336892.0 8.0 44.0 8.991725476867515
336893.0 8.0 44.0 8.94998570924163
336894.0 8.0 44.0 8.673444467698557
337833.0 8.0 44.0 8.018560103210442
337834.0 8.0 44.0 8.782972081593067
337835.0 8.0 44.0 9.818710207656453
337836.0 8.0 44.0 9.153442100328162
337837.0 8.0 44.0 8.618619256318318
337883.0 8.0 44.0 8.196102458489458
338132.0 8.0 44.0 8.85944639074101
338133.0 8.0 44.0 8.682043574090196
338715.0 8.0 44.0 8.417534145977537
338716.0 8.0 44.0 9.31760921583442
338717.0 8.0 44.0 9.184557800387646
338718.0 8.0 44.0 9.377619543206979
338719.0 8.0 44.0 9.85505196003692
338720.0 8.0 44.0 9.192392775658483
338786.0 8.0 44.0 8.10987884423602
338787.0 8.0 44.0 9.017780631311123
338788.0 8.0 44.0 10.249186671386365
338789.0 8.0 44.0 11.128390500575815
338790.0 8.0 44.0 9.336075337433178
338791.0 8.0 44.0 8.430787964739952
339374.0 8.0 44.0 8.108893047839882
339440.0 8.0 44.0 8.276045602286231
339441.0 8.0 44.0 8.450845022706964
339442.0 8.0 44.0 8.341273769157098
462464.0 8.0 44.0 10.072360638558468
462465.0 8.0 44.0 10.962002562875448
462466.0 8.0 44.0 11.277685328699286
462467.0 8.0 44.0 10.455885398580717
462468.0 8.0 44.0 9.730614963322997
462469.0 8.0 44.0 9.785407202609967
462470.0 8.0 44.0 8.551400240528334
336890.0 9.0 44.0 8.625534649490987
336891.0 9.0 44.0 9.122396824504065
336892.0 9.0 44.0 9.262602575897326
336893.0 9.0 44.0 9.112563789452196
336894.0 9.0 44.0 8.249212155746205
337832.0 9.0 44.0 8.406885369326286
337833.0 9.0 44.0 8.559389638052487
337834.0 9.0 44.0 9.417827655661826
337835.0 9.0 44.0 10.017997228586802
337836.0 9.0 44.0 8.719278808078634
337837.0 9.0 44.0 8.360165586425321
337882.0 9.0 44.0 8.045454641542396
337901.0 9.0 44.0 8.227527552506801
338131.0 9.0 44.0 8.79884604236788
338132.0 9.0 44.0 8.555338702223
338133.0 9.0 44.0 8.70292357836779
338134.0 9.0 44.0 8.220825389346857
338715.0 9.0 44.0 9.051437109401425
338716.0 9.0 44.0 9.435153147361332
338717.0 9.0 44.0 9.331848689611933
338718.0 9.0 44.0 10.32065079806735
338719.0 9.0 44.0 9.651615461481496
338720.0 9.0 44.0 9.066209907011999
338785.0 9.0 44.0 8.68514634692113
338786.0 9.0 44.0 8.717125361672023
338787.0 9.0 44.0 9.634596186863266
338788.0 9.0 44.0 10.800496658887761
338789.0 9.0 44.0 10.559449032156405
338790.0 9.0 44.0 9.049196477178842
338791.0 9.0 44.0 8.734357866288331
339373.0 9.0 44.0 8.431059162383578
339439.0 9.0 44.0 8.037700940970225
339440.0 9.0 44.0 8.529643771120874
339441.0 9.0 44.0 8.694446571332337
339442.0 9.0 44.0 8.291058793212741
462463.0 9.0 44.0 9.139887572699362
462464.0 9.0 44.0 10.138531104674353
462465.0 9.0 44.0 10.704267529354542
462466.0 9.0 44.0 10.814959551479452
462467.0 9.0 44.0 9.79910921481457
462468.0 9.0 44.0 9.351449456523182
462469.0 9.0 44.0 9.061210464549749
336355.0 10.0 44.0 8.041723894910858
336356.0 10.0 44.0 8.412749573778587
336357.0 10.0 44.0 8.072065131037933
336887.0 10.0 44.0 8.015334801884322
336888.0 10.0 44.0 8.069007782677492
336889.0 10.0 44.0 8.734051425352881
336890.0 10.0 44.0 9.156413583953597
336891.0 10.0 44.0 9.39909810531252
336892.0 10.0 44.0 9.427102852300274
336893.0 10.0 44.0 8.713062292167516
336894.0 10.0 44.0 8.069026006315884
337832.0 10.0 44.0 8.923603540653588
337833.0 10.0 44.0 9.198956744401656
337834.0 10.0 44.0 9.656321061244872
337835.0 10.0 44.0 9.588653321169737
337836.0 10.0 44.0 8.494256225321795
337837.0 10.0 44.0 8.93061925995448
337838.0 10.0 44.0 8.281916043598718
337883.0 10.0 44.0 8.090708680334362
338130.0 10.0 44.0 8.740171323938128
338131.0 10.0 44.0 8.539495469391564
338132.0 10.0 44.0 8.60716933285929
338133.0 10.0 44.0 8.978195051470678
338134.0 10.0 44.0 8.208151099686612
338135.0 10.0 44.0 8.061145188827895
338714.0 10.0 44.0 8.384943289856235
338715.0 10.0 44.0 9.203996376740479
338716.0 10.0 44.0 9.58902296324276
338717.0 10.0 44.0 10.256400122611081
338718.0 10.0 44.0 10.132728982877758
338719.0 10.0 44.0 9.535362254015844
338720.0 10.0 44.0 9.054669315607565
338721.0 10.0 44.0 8.279958425334856
338784.0 10.0 44.0 8.55783601767832
338785.0 10.0 44.0 9.255548364079635
338786.0 10.0 44.0 9.344223524452085
338787.0 10.0 44.0 10.219280032353659
338788.0 10.0 44.0 10.310288668579465
338789.0 10.0 44.0 10.251954853075611
338790.0 10.0 44.0 9.330234988402724
338791.0 10.0 44.0 8.105163268630903
339373.0 10.0 44.0 8.07429081999047
339439.0 10.0 44.0 8.314843000766244
339440.0 10.0 44.0 8.781541256763104
339441.0 10.0 44.0 8.653203181582857
339442.0 10.0 44.0 8.445526928931711
462462.0 10.0 44.0 8.874089942910425
462463.0 10.0 44.0 9.280120579365548
462464.0 10.0 44.0 9.968501788686709
462465.0 10.0 44.0 10.327862909014057
462466.0 10.0 44.0 10.204194536978312
462467.0 10.0 44.0 9.464488551487825
462468.0 10.0 44.0 8.715448662785203
462469.0 10.0 44.0 8.192755927541613
462469.0 1.0 45.0 9.938129210703373
462470.0 1.0 45.0 12.548139862726577
462469.0 2.0 45.0 15.900193345407663
462470.0 2.0 45.0 11.539875148730838
338718.0 3.0 45.0 8.230526821415737
462468.0 3.0 45.0 12.086505315450022
462469.0 3.0 45.0 15.16005017831244
462470.0 3.0 45.0 9.853923299973886
338718.0 4.0 45.0 8.419371460340642
338719.0 4.0 45.0 8.1014399223726
338789.0 4.0 45.0 8.718933374856366
462467.0 4.0 45.0 11.646964490250364
462468.0 4.0 45.0 12.353074686505774
462469.0 4.0 45.0 13.50281251007246
462470.0 4.0 45.0 8.974116704199194
337837.0 5.0 45.0 8.04594999122872
338717.0 5.0 45.0 8.229377937586055
338718.0 5.0 45.0 8.996512105004605
338788.0 5.0 45.0 8.76186799432662
338789.0 5.0 45.0 8.910667008039333
338790.0 5.0 45.0 8.239427955854719
338791.0 5.0 45.0 8.715580874933536
462466.0 5.0 45.0 11.198107835493664
462467.0 5.0 45.0 12.104120864636855
462468.0 5.0 45.0 11.383284182391586
462469.0 5.0 45.0 12.471160492304122
336893.0 6.0 45.0 8.339975973901158
337835.0 6.0 45.0 8.006745817921535
337836.0 6.0 45.0 8.308598127418213
337837.0 6.0 45.0 9.033040951306594
338133.0 6.0 45.0 8.378601077600273
338715.0 6.0 45.0 8.364643239858172
338716.0 6.0 45.0 8.177497965419589
338717.0 6.0 45.0 8.850626238122276
338718.0 6.0 45.0 8.784221110674716
338719.0 6.0 45.0 8.059782182278552
338787.0 6.0 45.0 8.056896539604518
338788.0 6.0 45.0 9.01376415858555
338789.0 6.0 45.0 9.484652686043667
338790.0 6.0 45.0 9.424284566866845
338791.0 6.0 45.0 8.533827937315724
462465.0 6.0 45.0 10.86270284712603
462466.0 6.0 45.0 11.762220480866894
462467.0 6.0 45.0 11.354726023720136
462468.0 6.0 45.0 10.751028827767419
462469.0 6.0 45.0 11.31851105739187
336891.0 7.0 45.0 8.004010659411808
336892.0 7.0 45.0 8.811649650769844
336893.0 7.0 45.0 8.33936579342157
337834.0 7.0 45.0 8.346922762141366
337835.0 7.0 45.0 8.615205631608172
337836.0 7.0 45.0 9.255169153664754
337837.0 7.0 45.0 8.402820882685914
337883.0 7.0 45.0 8.430863306048842
338132.0 7.0 45.0 8.300040430638981
338133.0 7.0 45.0 8.481690971674393
338715.0 7.0 45.0 8.720456837540176
338716.0 7.0 45.0 8.809885871342688
338717.0 7.0 45.0 8.723255648675702
338718.0 7.0 45.0 8.941235885652457
338719.0 7.0 45.0 8.62265457907478
338720.0 7.0 45.0 8.281716541528928
338787.0 7.0 45.0 8.399230776006943
338788.0 7.0 45.0 9.595317994415405
338789.0 7.0 45.0 10.542686580662824
338790.0 7.0 45.0 9.259971251468444
338791.0 7.0 45.0 8.100217942688964
339441.0 7.0 45.0 8.084825415388675
462464.0 7.0 45.0 9.881175611819469
462465.0 7.0 45.0 11.482480290792527
462466.0 7.0 45.0 11.17228447081745
462467.0 7.0 45.0 10.8453211026197
462468.0 7.0 45.0 9.892369266939466
462469.0 7.0 45.0 10.744723458070496
336891.0 8.0 45.0 9.351335093167396
336892.0 8.0 45.0 8.820674846507922
336893.0 8.0 45.0 8.506984971510294
336894.0 8.0 45.0 8.049519549050496
337833.0 8.0 45.0 8.122199459898242
337834.0 8.0 45.0 8.932572970005378
337835.0 8.0 45.0 9.520747906753819
337836.0 8.0 45.0 8.69469427651637
337837.0 8.0 45.0 8.200631455922345
337882.0 8.0 45.0 8.14060806631406
338131.0 8.0 45.0 8.546352722313367
338132.0 8.0 45.0 8.441790934703004
338133.0 8.0 45.0 8.548971317028055
338715.0 8.0 45.0 9.316213094893644
338716.0 8.0 45.0 8.735884958817433
338717.0 8.0 45.0 8.916260173952315
338718.0 8.0 45.0 9.449539005636359
338719.0 8.0 45.0 9.295309310308989
338720.0 8.0 45.0 8.137264883520878
338785.0 8.0 45.0 8.035461596710356
338786.0 8.0 45.0 8.226293216318904
338787.0 8.0 45.0 9.026210337071927
338788.0 8.0 45.0 10.623428221121092
338789.0 8.0 45.0 10.362020391437387
338790.0 8.0 45.0 8.848458248287281
339440.0 8.0 45.0 8.405531055944506
339441.0 8.0 45.0 8.423832028270812
462463.0 8.0 45.0 9.151804553004332
462464.0 8.0 45.0 10.57649360975353
462465.0 8.0 45.0 11.005210237631644
462466.0 8.0 45.0 10.762102943677647
462467.0 8.0 45.0 10.08766900730755
462468.0 8.0 45.0 9.502114500301644
462469.0 8.0 45.0 9.94390163255502
336356.0 9.0 45.0 8.066414457561434
336890.0 9.0 45.0 9.110199383567668
336891.0 9.0 45.0 9.361590736122963
336892.0 9.0 45.0 8.982045018755011
336893.0 9.0 45.0 8.609893095191099
337832.0 9.0 45.0 8.141381407916894
337833.0 9.0 45.0 8.718099701940831
337834.0 9.0 45.0 9.800060571517498
337835.0 9.0 45.0 9.011391612658093
337836.0 9.0 45.0 8.518474405348258
337837.0 9.0 45.0 8.291733774434602
337883.0 9.0 45.0 8.171077908253876
338131.0 9.0 45.0 8.696627822445947
338132.0 9.0 45.0 8.538895938185853
338133.0 9.0 45.0 8.948021577714709
338714.0 9.0 45.0 8.274109060652098
338715.0 9.0 45.0 9.25009223308666
338716.0 9.0 45.0 8.949413678082353
338717.0 9.0 45.0 9.43001266672906
338718.0 9.0 45.0 10.068345922876189
338719.0 9.0 45.0 9.131801102121125
338720.0 9.0 45.0 8.182933291734507
338784.0 9.0 45.0 8.308780935653573
338785.0 9.0 45.0 8.40490264837326
338786.0 9.0 45.0 8.858391060878743
338787.0 9.0 45.0 10.063581841881847
338788.0 9.0 45.0 10.487495079265324
338789.0 9.0 45.0 9.945285928320498
338790.0 9.0 45.0 8.50842772900139
339439.0 9.0 45.0 8.221626494697363
339440.0 9.0 45.0 8.7367298657013
339441.0 9.0 45.0 8.307892229741974
462462.0 9.0 45.0 8.56707587984626
462463.0 9.0 45.0 9.885640106264649
462464.0 9.0 45.0 10.220829758848595
462465.0 9.0 45.0 10.669390916202882
462466.0 9.0 45.0 10.092679334922094
462467.0 9.0 45.0 9.74517536109575
462468.0 9.0 45.0 8.857924440735776
462469.0 9.0 45.0 9.018127640407302
336355.0 10.0 45.0 8.005765160614887
336888.0 10.0 45.0 8.119320721996969
336889.0 10.0 45.0 9.218240972861723
336890.0 10.0 45.0 9.159790392164352
336891.0 10.0 45.0 9.51284944048927
336892.0 10.0 45.0 9.080299197092481
336893.0 10.0 45.0 8.26897304519558
337831.0 10.0 45.0 8.093620161231572
337832.0 10.0 45.0 8.729592095062346
337833.0 10.0 45.0 9.578333212088767
337834.0 10.0 45.0 9.330494692747095
337835.0 10.0 45.0 8.85352012999831
337836.0 10.0 45.0 8.612695979365956
337837.0 10.0 45.0 9.087337433726043
337838.0 10.0 45.0 8.11234269501424
337883.0 10.0 45.0 8.068031204998587
337898.0 10.0 45.0 8.149903128642386
337900.0 10.0 45.0 8.042354492210789
338129.0 10.0 45.0 8.031238716389904
338130.0 10.0 45.0 8.173866724921202
338131.0 10.0 45.0 8.800486172129208
338132.0 10.0 45.0 8.943114180693588
338133.0 10.0 45.0 8.985202904915148
338134.0 10.0 45.0 8.073337489185379
338713.0 10.0 45.0 8.107528539574584
338714.0 10.0 45.0 8.292242769822812
338715.0 10.0 45.0 9.45195424608415
338716.0 10.0 45.0 9.4613092594596
338717.0 10.0 45.0 10.045842504302804
338718.0 10.0 45.0 9.900881406834179
338719.0 10.0 45.0 9.148008357441789
338720.0 10.0 45.0 8.68506254668362
338783.0 10.0 45.0 8.154467561544903
338784.0 10.0 45.0 8.668857120733966
338785.0 10.0 45.0 9.0195780774941
338786.0 10.0 45.0 9.877671701851723
338787.0 10.0 45.0 9.994580369437125
338788.0 10.0 45.0 10.116165282823227
338789.0 10.0 45.0 9.592428278012308
338790.0 10.0 45.0 8.558980482744902
339439.0 10.0 45.0 8.56997391026791
339440.0 10.0 45.0 8.635443885028398
339441.0 10.0 45.0 8.738323826078675
462461.0 10.0 45.0 8.293720102546065
462462.0 10.0 45.0 9.320160620769231
462463.0 10.0 45.0 9.614768673788491
462464.0 10.0 45.0 9.974844167802479
462465.0 10.0 45.0 10.070711775028178
462466.0 10.0 45.0 9.79715596532208
462467.0 10.0 45.0 9.149500492900023
462468.0 10.0 45.0 8.0646160396759
462469.0 10.0 45.0 8.183864875888544
462469.0 1.0 46.0 13.800255840532122
462470.0 1.0 46.0 8.270886550422752
462468.0 2.0 46.0 10.922153289434299
462469.0 2.0 46.0 15.60665445317806
338718.0 3.0 46.0 8.097858951953231
462467.0 3.0 46.0 9.24427284558949
462468.0 3.0 46.0 13.693099393515054
462469.0 3.0 46.0 13.718743668310896
338717.0 4.0 46.0 8.488256272344657
338718.0 4.0 46.0 8.247689609592955
338788.0 4.0 46.0 8.466169214308598
338789.0 4.0 46.0 8.210798346683035
462466.0 4.0 46.0 9.328416277333254
462467.0 4.0 46.0 12.141218399006535
462468.0 4.0 46.0 12.703781260616044
462469.0 4.0 46.0 12.63346433034056
337835.0 5.0 46.0 8.099001646951416
337836.0 5.0 46.0 8.211554428158026
337837.0 5.0 46.0 8.0857640959007
338133.0 5.0 46.0 8.03997263510108
338716.0 5.0 46.0 8.431682932704202
338717.0 5.0 46.0 8.696510491737765
338718.0 5.0 46.0 8.501203428933621
338719.0 5.0 46.0 8.21320737756772
338788.0 5.0 46.0 9.547396320503841
338789.0 5.0 46.0 8.40533744671267
338790.0 5.0 46.0 8.789336563386211
338791.0 5.0 46.0 8.041205891059729
462465.0 5.0 46.0 9.083011681095735
462466.0 5.0 46.0 12.042442079599878
462467.0 5.0 46.0 11.615414074140752
462468.0 5.0 46.0 12.035828249943009
462469.0 5.0 46.0 10.648807148562424
336892.0 6.0 46.0 8.075936493877057
336893.0 6.0 46.0 8.030610088393049
337835.0 6.0 46.0 8.440486089015186
337836.0 6.0 46.0 9.20200588179634
337837.0 6.0 46.0 8.068796991779337
337899.0 6.0 46.0 8.035682934221754
338132.0 6.0 46.0 8.34137138725676
338715.0 6.0 46.0 8.312349108120708
338716.0 6.0 46.0 8.70519762205647
338717.0 6.0 46.0 8.965082719668104
338718.0 6.0 46.0 8.92580013053353
338719.0 6.0 46.0 8.54202141726491
338787.0 6.0 46.0 8.70232177760953
338788.0 6.0 46.0 9.684439978561581
338789.0 6.0 46.0 9.512193974050188
338790.0 6.0 46.0 8.856444637415374
462464.0 6.0 46.0 8.220205739291352
462465.0 6.0 46.0 11.668192607862403
462466.0 6.0 46.0 11.683305818274617
462467.0 6.0 46.0 11.217937592389262
462468.0 6.0 46.0 10.392963763240582
462469.0 6.0 46.0 10.550106077508625
336891.0 7.0 46.0 8.792950585639204
336892.0 7.0 46.0 8.742593606228938
336893.0 7.0 46.0 8.230610864158916
337833.0 7.0 46.0 8.40334200597899
337834.0 7.0 46.0 8.35298504033823
337835.0 7.0 46.0 9.393743513760619
337836.0 7.0 46.0 9.155938511184347
337882.0 7.0 46.0 8.036947359913896
338131.0 7.0 46.0 8.44596675507706
338132.0 7.0 46.0 8.104645676712652
338133.0 7.0 46.0 8.045895519757478
338714.0 7.0 46.0 8.080756433753637
338715.0 7.0 46.0 8.629114106519918
338716.0 7.0 46.0 9.009607865601042
338717.0 7.0 46.0 9.378910697116801
338718.0 7.0 46.0 9.230633128072876
338719.0 7.0 46.0 9.283792255483295
338786.0 7.0 46.0 8.634867323310232
338787.0 7.0 46.0 8.953810981739267
338788.0 7.0 46.0 10.668822855786038
338789.0 7.0 46.0 9.577709639166212
338790.0 7.0 46.0 8.559337451830904
339440.0 7.0 46.0 8.415303074105324
339441.0 7.0 46.0 8.267025515629712
462464.0 7.0 46.0 10.73653297405126
462465.0 7.0 46.0 11.441565441829193
462466.0 7.0 46.0 11.385614834182768
462467.0 7.0 46.0 9.83567539462298
462468.0 7.0 46.0 10.389630340114968
462469.0 7.0 46.0 9.555910265703446
336890.0 8.0 46.0 8.32819418258017
336891.0 8.0 46.0 9.409033451103717
336892.0 8.0 46.0 8.922266626526822
336893.0 8.0 46.0 8.440733879071116
337832.0 8.0 46.0 8.283304558276125
337833.0 8.0 46.0 8.76745905148573
337834.0 8.0 46.0 9.290869123002683
337835.0 8.0 46.0 9.382467833326327
337836.0 8.0 46.0 8.822423944023026
337899.0 8.0 46.0 8.346271701411
338130.0 8.0 46.0 8.10343315127879
338131.0 8.0 46.0 8.257840791494651
338132.0 8.0 46.0 8.393929161856668
338133.0 8.0 46.0 8.40178264314802
338714.0 8.0 46.0 8.431947142005248
338715.0 8.0 46.0 8.960591304394764
338716.0 8.0 46.0 9.436894695744277
338717.0 8.0 46.0 9.67766461735909
338718.0 8.0 46.0 9.92105157754231
338719.0 8.0 46.0 9.104537923864681
338785.0 8.0 46.0 8.788033029679903
338786.0 8.0 46.0 8.916270294603347
338787.0 8.0 46.0 9.968322168674256
338788.0 8.0 46.0 10.70109533932146
338789.0 8.0 46.0 9.29574801236187
338790.0 8.0 46.0 8.251552005701743
339439.0 8.0 46.0 8.417970689437889
339440.0 8.0 46.0 9.1664461015903
462463.0 8.0 46.0 10.046688165955825
462464.0 8.0 46.0 10.640760225935992
462465.0 8.0 46.0 11.234832285931786
462466.0 8.0 46.0 10.135680402293627
462467.0 8.0 46.0 9.918470510958434
462468.0 8.0 46.0 9.520684959496947
462469.0 8.0 46.0 8.756514010661691
336356.0 9.0 46.0 8.036640962344773
336888.0 9.0 46.0 8.126787740296415
336889.0 9.0 46.0 8.538840619643878
336890.0 9.0 46.0 8.968165072276037
336891.0 9.0 46.0 9.57267262521568
336892.0 9.0 46.0 9.111277370768038
336893.0 9.0 46.0 8.250168563560523
337814.0 9.0 46.0 8.064947652581214
337831.0 9.0 46.0 8.060055485411326
337832.0 9.0 46.0 8.664563053947546
337833.0 9.0 46.0 9.658914704837864
337834.0 9.0 46.0 9.320887846489928
337835.0 9.0 46.0 9.088957795377011
337836.0 9.0 46.0 8.639899394624324
337837.0 9.0 46.0 8.072407348621116
337883.0 9.0 46.0 8.067587826126752
337898.0 9.0 46.0 8.269949547074408
337899.0 9.0 46.0 8.54136248940741
338131.0 9.0 46.0 8.55181362873867
338132.0 9.0 46.0 8.739336076202665
338133.0 9.0 46.0 8.613502837247376
338714.0 9.0 46.0 8.787679183112578
338715.0 9.0 46.0 9.39958886911325
338716.0 9.0 46.0 9.749957588498992
338717.0 9.0 46.0 10.337193598435503
338718.0 9.0 46.0 9.749962626156552
338719.0 9.0 46.0 8.464466620340259
338784.0 9.0 46.0 8.765649229766337
338785.0 9.0 46.0 9.076540068540021
338786.0 9.0 46.0 9.90804547298355
338787.0 9.0 46.0 10.078296358035706
338788.0 9.0 46.0 10.406458770127228
338789.0 9.0 46.0 8.995127017374857
338790.0 9.0 46.0 8.361016061704378
339372.0 9.0 46.0 8.325475017175911
339439.0 9.0 46.0 9.157147427755483
339440.0 9.0 46.0 8.888206889098619
339441.0 9.0 46.0 8.34045381055871
462462.0 9.0 46.0 9.756764217265422
462463.0 9.0 46.0 10.035581327009815
462464.0 9.0 46.0 10.533994154036858
462465.0 9.0 46.0 10.10714412743129
462466.0 9.0 46.0 10.232984445422078
462467.0 9.0 46.0 9.164618840319557
462468.0 9.0 46.0 8.804387739226453
336355.0 10.0 46.0 8.371750150318494
336356.0 10.0 46.0 8.05575145454519
336886.0 10.0 46.0 8.099272750599459
336887.0 10.0 46.0 8.127364379004177
336888.0 10.0 46.0 8.934925904446787
336889.0 10.0 46.0 9.159640569972678
336890.0 10.0 46.0 9.173687695780792
336891.0 10.0 46.0 9.744833426684036
336892.0 10.0 46.0 8.920891894469099
337831.0 10.0 46.0 8.457553446300025
337832.0 10.0 46.0 9.54132354033261
337833.0 10.0 46.0 9.695815709106064
337834.0 10.0 46.0 9.073178731318071
337835.0 10.0 46.0 8.928054843614117
337836.0 10.0 46.0 9.068502509790969
337837.0 10.0 46.0 8.457569284262904
337882.0 10.0 46.0 8.27510955459528
337898.0 10.0 46.0 8.48347859411074
337899.0 10.0 46.0 8.394532718120995
338128.0 10.0 46.0 8.357685911462033
338130.0 10.0 46.0 8.294490939170325
338131.0 10.0 46.0 8.896066447477175
338132.0 10.0 46.0 8.947565602048346
338133.0 10.0 46.0 8.235980112707082
338713.0 10.0 46.0 8.150909317901226
338714.0 10.0 46.0 9.23936092822626
338715.0 10.0 46.0 9.726239675102555
338716.0 10.0 46.0 10.400378457316542
338717.0 10.0 46.0 10.182691321335446
338718.0 10.0 46.0 9.136378529079836
338719.0 10.0 46.0 8.888261637394146
338720.0 10.0 46.0 8.267965425526985
338783.0 10.0 46.0 8.649675055971068
338784.0 10.0 46.0 9.06633129080778
338785.0 10.0 46.0 10.035404629856616
338786.0 10.0 46.0 10.044770287906788
338787.0 10.0 46.0 9.8621944097712
338788.0 10.0 46.0 10.091590609357574
338789.0 10.0 46.0 9.085070575847956
338790.0 10.0 46.0 8.132387802510372
339438.0 10.0 46.0 8.712278152719199
339439.0 10.0 46.0 8.920607609705684
339440.0 10.0 46.0 9.19447807907172
339441.0 10.0 46.0 8.192639557836216
462461.0 10.0 46.0 9.060317617190982
462462.0 10.0 46.0 9.790636571970458
462463.0 10.0 46.0 9.996627427870783
462464.0 10.0 46.0 9.533163657518786
462465.0 10.0 46.0 10.230712106169635
462466.0 10.0 46.0 9.530832541260802
462467.0 10.0 46.0 8.531336919857086
462469.0 1.0 47.0 12.159652028788129
462468.0 2.0 47.0 13.61495950541655
462469.0 2.0 47.0 11.962818718282596
462467.0 3.0 47.0 11.831797534043671
462468.0 3.0 47.0 13.863790095304998
462469.0 3.0 47.0 10.956679341507177
338717.0 4.0 47.0 8.397712505951613
338788.0 4.0 47.0 8.179687692945176
462466.0 4.0 47.0 10.862346763845272
462467.0 4.0 47.0 12.62580146032482
462468.0 4.0 47.0 13.036166828331593
462469.0 4.0 47.0 8.843810300287277
337836.0 5.0 47.0 8.01450498797864
338716.0 5.0 47.0 8.20431402959005
338717.0 5.0 47.0 8.363035528507965
338719.0 5.0 47.0 8.402718552245442
338788.0 5.0 47.0 8.70703632269026
338789.0 5.0 47.0 8.3929045328873
338790.0 5.0 47.0 8.498719370633056
462465.0 5.0 47.0 10.193538492016307
462466.0 5.0 47.0 11.843567476924292
462467.0 5.0 47.0 12.213916581065556
462468.0 5.0 47.0 11.083039158414552
462469.0 5.0 47.0 8.335201886420613
336891.0 6.0 47.0 8.3577115290259
337834.0 6.0 47.0 8.178150791677238
337835.0 6.0 47.0 8.317006183578103
337836.0 6.0 47.0 8.56754828036329
338715.0 6.0 47.0 8.288276495310582
338716.0 6.0 47.0 8.26714823634905
338717.0 6.0 47.0 8.79237926341026
338718.0 6.0 47.0 8.614285905721268
338719.0 6.0 47.0 8.39996983294589
338787.0 6.0 47.0 8.532899232636987
338788.0 6.0 47.0 9.399227494110479
338789.0 6.0 47.0 9.127558789695348
338790.0 6.0 47.0 8.41216182537657
462464.0 6.0 47.0 9.859424288795136
462465.0 6.0 47.0 11.247964408669832
462466.0 6.0 47.0 11.652454101809099
462467.0 6.0 47.0 10.623127989118322
462468.0 6.0 47.0 10.505406872990209
336890.0 7.0 47.0 8.406948543956416
336891.0 7.0 47.0 8.661262844191324
336892.0 7.0 47.0 8.515943175139363
337832.0 7.0 47.0 8.115186483656649
337833.0 7.0 47.0 8.204616847148632
337834.0 7.0 47.0 8.797082976197226
337835.0 7.0 47.0 8.858566908288234
337836.0 7.0 47.0 8.5232115142343
338131.0 7.0 47.0 8.199559288221781
338714.0 7.0 47.0 8.544343006237998
338715.0 7.0 47.0 8.393434067605194
338716.0 7.0 47.0 8.725998392535493
338717.0 7.0 47.0 9.561598483022404
338718.0 7.0 47.0 8.650546609812055
338719.0 7.0 47.0 9.022235938756868
338786.0 7.0 47.0 8.343257677701287
338787.0 7.0 47.0 9.243134561093962
338788.0 7.0 47.0 10.059172150237892
338789.0 7.0 47.0 9.055897053994372
338790.0 7.0 47.0 8.186764828572665
462463.0 7.0 47.0 9.414627417907422
462464.0 7.0 47.0 10.926532282558552
462465.0 7.0 47.0 11.192026305917938
462466.0 7.0 47.0 10.300538068527352
462467.0 7.0 47.0 10.194344554028335
462468.0 7.0 47.0 9.663365281965081
336888.0 8.0 47.0 8.176270009650086
336889.0 8.0 47.0 8.220712444372914
336890.0 8.0 47.0 8.72785930323201
336891.0 8.0 47.0 9.459823000942015
336892.0 8.0 47.0 8.385409540066366
337832.0 8.0 47.0 8.42640914268628
337833.0 8.0 47.0 8.821147591361504
337834.0 8.0 47.0 9.312609563733975
337835.0 8.0 47.0 8.839450448530544
337836.0 8.0 47.0 8.601564769333416
338131.0 8.0 47.0 8.259673936173352
338132.0 8.0 47.0 8.191707963650801
338714.0 8.0 47.0 8.665981677440504
338715.0 8.0 47.0 8.85420234093575
338716.0 8.0 47.0 9.492056682123017
338717.0 8.0 47.0 9.575711374083852
338718.0 8.0 47.0 9.25678707557156
338719.0 8.0 47.0 8.451631009342938
338785.0 8.0 47.0 8.355033879968643
338786.0 8.0 47.0 9.060856103351664
338787.0 8.0 47.0 9.91568483620894
338788.0 8.0 47.0 9.975812185265568
338789.0 8.0 47.0 8.843887458616322
338790.0 8.0 47.0 8.38641324850021
339438.0 8.0 47.0 8.024289757368546
339439.0 8.0 47.0 8.100102008534815
339440.0 8.0 47.0 8.405959397129694
462462.0 8.0 47.0 8.894266518405448
462463.0 8.0 47.0 10.488900711413322
462464.0 8.0 47.0 10.948994113070029
462465.0 8.0 47.0 10.013131794490556
462466.0 8.0 47.0 9.971308532707626
462467.0 8.0 47.0 9.477237443963414
462468.0 8.0 47.0 8.983166355229
336888.0 9.0 47.0 8.956911293030101
336889.0 9.0 47.0 8.56503497480249
336890.0 9.0 47.0 9.50899547996596
336891.0 9.0 47.0 9.314290648604988
336892.0 9.0 47.0 8.513283495203389
337831.0 9.0 47.0 8.140551438454843
337832.0 9.0 47.0 9.025360507351149
337833.0 9.0 47.0 9.338372264404853
337834.0 9.0 47.0 9.301404632317546
337835.0 9.0 47.0 8.9267808290171
337836.0 9.0 47.0 8.675389205005699
337898.0 9.0 47.0 8.07660618045983
338131.0 9.0 47.0 8.816470749510126
338132.0 9.0 47.0 8.46649338515099
338714.0 9.0 47.0 9.115874839806487
338715.0 9.0 47.0 9.601411657013559
338716.0 9.0 47.0 9.54472688540491
338717.0 9.0 47.0 10.126384802470115
338718.0 9.0 47.0 8.7387924946727
338719.0 9.0 47.0 8.704289515365376
338783.0 9.0 47.0 8.241066519891975
338784.0 9.0 47.0 8.30761392826845
338785.0 9.0 47.0 9.061796897030248
338786.0 9.0 47.0 9.739575914649663
338787.0 9.0 47.0 9.882527274210076
338788.0 9.0 47.0 9.756832482953394
338789.0 9.0 47.0 9.024835369656085
339438.0 9.0 47.0 8.212823697796132
339439.0 9.0 47.0 8.688501948182667
339440.0 9.0 47.0 8.565271807285294
462461.0 9.0 47.0 8.349965578281823
462462.0 9.0 47.0 9.971704374065892
462463.0 9.0 47.0 10.575545369018604
462464.0 9.0 47.0 9.89284241231248
462465.0 9.0 47.0 9.757290331614001
462466.0 9.0 47.0 9.345698169341707
462467.0 9.0 47.0 8.882348491782764
462468.0 9.0 47.0 8.0887365737674
336355.0 10.0 47.0 8.067002823633354
336887.0 10.0 47.0 8.507704730370595
336888.0 10.0 47.0 9.269949033992797
336889.0 10.0 47.0 9.340096140862872
336890.0 10.0 47.0 9.396214250512216
336891.0 10.0 47.0 9.412583534682739
336892.0 10.0 47.0 8.11022707908592
337831.0 10.0 47.0 8.748204499083041
337832.0 10.0 47.0 9.531492308890641
337833.0 10.0 47.0 9.353793808338844
337834.0 10.0 47.0 9.386530266273256
337835.0 10.0 47.0 9.005411305883944
337836.0 10.0 47.0 8.806669309517472
337837.0 10.0 47.0 8.177704731390312
337882.0 10.0 47.0 8.145066315050938
337896.0 10.0 47.0 8.021173349526855
337898.0 10.0 47.0 8.301757557672294
338130.0 10.0 47.0 8.402793569121265
338131.0 10.0 47.0 9.069173071939225
338132.0 10.0 47.0 8.65064345551791
338713.0 10.0 47.0 8.427421393529823
338714.0 10.0 47.0 9.837337756011545
338715.0 10.0 47.0 9.673668262350335
338716.0 10.0 47.0 10.096878486225522
338717.0 10.0 47.0 9.617556554873326
338718.0 10.0 47.0 8.988591986394118
338719.0 10.0 47.0 8.939492636835467
338783.0 10.0 47.0 8.8016778616457
338784.0 10.0 47.0 9.005100462969184
338785.0 10.0 47.0 9.732272294286485
338786.0 10.0 47.0 9.746303433004137
338787.0 10.0 47.0 9.708894915216565
338788.0 10.0 47.0 9.90764118417329
338789.0 10.0 47.0 8.628666411403588
338790.0 10.0 47.0 8.217151300803962
339438.0 10.0 47.0 8.789053868946326
339439.0 10.0 47.0 8.849848338920685
339440.0 10.0 47.0 8.693193351814891
462461.0 10.0 47.0 9.426188458124242
462462.0 10.0 47.0 10.111274652150536
462463.0 10.0 47.0 9.62493957734217
462464.0 10.0 47.0 9.68573539458043
462465.0 10.0 47.0 9.204076652204527
462466.0 10.0 47.0 8.8159445580508
462467.0 10.0 47.0 8.065396702089522
462468.0 1.0 48.0 9.260833157342287
462469.0 1.0 48.0 9.467903613879812
462467.0 2.0 48.0 9.148677537855217
462468.0 2.0 48.0 13.24321677398899
462469.0 2.0 48.0 9.028406423133127
462466.0 3.0 48.0 8.423084614356046
462467.0 3.0 48.0 12.936160629804013
462468.0 3.0 48.0 12.7184074920259
462466.0 4.0 48.0 12.028557061198093
462467.0 4.0 48.0 12.853139331012088
462468.0 4.0 48.0 10.686306667458135
337835.0 5.0 48.0 8.456885253441797
337836.0 5.0 48.0 8.060010815560156
338715.0 5.0 48.0 8.041172332068895
338717.0 5.0 48.0 8.12054974190759
338718.0 5.0 48.0 8.130472778477953
338787.0 5.0 48.0 8.434823224887358
338788.0 5.0 48.0 8.629954865134803
338789.0 5.0 48.0 8.004876977229971
462465.0 5.0 48.0 11.176221890623301
462466.0 5.0 48.0 12.234558874778296
462467.0 5.0 48.0 11.20268448072674
462468.0 5.0 48.0 9.59534049837712
336890.0 6.0 48.0 8.01476734106399
336891.0 6.0 48.0 8.159687053227605
337834.0 6.0 48.0 8.076325378373312
337835.0 6.0 48.0 9.120947273409628
338131.0 6.0 48.0 8.031409709705507
338715.0 6.0 48.0 8.059314317364334
338716.0 6.0 48.0 8.566530222854665
338717.0 6.0 48.0 8.660124658715153
338718.0 6.0 48.0 8.823159195326362
338787.0 6.0 48.0 9.110063729241423
338788.0 6.0 48.0 9.055720559777484
338789.0 6.0 48.0 8.201306664379244
338790.0 6.0 48.0 8.358302931973833
339439.0 6.0 48.0 8.135704688229985
462464.0 6.0 48.0 10.082443645627846
462465.0 6.0 48.0 11.549745476068557
462466.0 6.0 48.0 10.900633801287919
462467.0 6.0 48.0 10.260579530960433
462468.0 6.0 48.0 9.348803127302391
336889.0 7.0 48.0 8.001468778412145
336890.0 7.0 48.0 8.454288581571248
336891.0 7.0 48.0 8.85959039791541
336892.0 7.0 48.0 8.124460530489412
337831.0 7.0 48.0 8.025096994720759
337832.0 7.0 48.0 8.237531696728228
337833.0 7.0 48.0 8.572954129348549
337834.0 7.0 48.0 8.774208128592266
337835.0 7.0 48.0 8.846884045850446
337836.0 7.0 48.0 8.117344538498521
338715.0 7.0 48.0 8.81173760065411
338716.0 7.0 48.0 9.085666176094518
338717.0 7.0 48.0 9.314871940415525
338718.0 7.0 48.0 8.990632917029274
338785.0 7.0 48.0 8.194098803594102
338786.0 7.0 48.0 8.672075205452623
338787.0 7.0 48.0 9.524605150522389
338788.0 7.0 48.0 9.211546830562158
338789.0 7.0 48.0 8.82022359113607
339439.0 7.0 48.0 8.418602904032413
462463.0 7.0 48.0 10.28279771335173
462464.0 7.0 48.0 10.581884008297395
462465.0 7.0 48.0 10.444922894748382
462466.0 7.0 48.0 10.123480185303084
462467.0 7.0 48.0 10.045217761378757
462468.0 7.0 48.0 8.563777138303733
336888.0 8.0 48.0 8.417967547608725
336889.0 8.0 48.0 8.451959397452105
336890.0 8.0 48.0 9.129154519300489
336891.0 8.0 48.0 9.016726112123983
336892.0 8.0 48.0 8.593154658748265
337831.0 8.0 48.0 8.50037733378313
337832.0 8.0 48.0 8.850741534002507
337833.0 8.0 48.0 9.232481503597338
337834.0 8.0 48.0 8.58405037903087
337835.0 8.0 48.0 9.120054548026323
337836.0 8.0 48.0 8.387954705171204
338131.0 8.0 48.0 8.273336137892592
338714.0 8.0 48.0 8.603625967109444
338715.0 8.0 48.0 9.32265546605753
338716.0 8.0 48.0 9.712239386676455
338717.0 8.0 48.0 9.482151862334256
338718.0 8.0 48.0 8.810188919436097
338784.0 8.0 48.0 8.295199161114645
338785.0 8.0 48.0 8.886110935841442
338786.0 8.0 48.0 9.131889247556273
338787.0 8.0 48.0 9.683581310595716
338788.0 8.0 48.0 9.76463683316072
338789.0 8.0 48.0 8.444241324071275
339438.0 8.0 48.0 8.215096584947418
339439.0 8.0 48.0 8.62821233969994
339440.0 8.0 48.0 8.466105656092628
462462.0 8.0 48.0 9.836350601153738
462463.0 8.0 48.0 10.78547029228522
462464.0 8.0 48.0 9.666403852742869
462465.0 8.0 48.0 9.799753540387945
462466.0 8.0 48.0 9.98016688209128
462467.0 8.0 48.0 9.310819803485622
336356.0 9.0 48.0 8.01940228907191
336887.0 9.0 48.0 8.49350965583618
336888.0 9.0 48.0 8.848487484323455
336889.0 9.0 48.0 9.11965146219508
336890.0 9.0 48.0 9.294676023182516
336891.0 9.0 48.0 9.437654111882177
336892.0 9.0 48.0 8.227285024306466
337813.0 9.0 48.0 8.038875647411523
337831.0 9.0 48.0 9.093971654595157
337832.0 9.0 48.0 9.488391304987358
337833.0 9.0 48.0 9.059463128651451
337834.0 9.0 48.0 8.889371843965334
337835.0 9.0 48.0 9.347884438985236
337836.0 9.0 48.0 8.559049727639222
337896.0 9.0 48.0 8.04886309364436
337898.0 9.0 48.0 8.302772819740367
338130.0 9.0 48.0 8.105919114377595
338131.0 9.0 48.0 8.916942907764948
338713.0 9.0 48.0 8.62695347115092
338714.0 9.0 48.0 9.129838113905238
338715.0 9.0 48.0 9.933466573622386
338716.0 9.0 48.0 9.881700734313217
338717.0 9.0 48.0 9.317191338243175
338718.0 9.0 48.0 8.629426279498151
338783.0 9.0 48.0 8.35096854177238
338784.0 9.0 48.0 8.972178621434766
338785.0 9.0 48.0 9.339482035975639
338786.0 9.0 48.0 9.33948357572442
338787.0 9.0 48.0 10.212135207296333
338788.0 9.0 48.0 9.388788920327436
338789.0 9.0 48.0 8.486559009250303
339438.0 9.0 48.0 8.45551405409208
339439.0 9.0 48.0 9.261607634614004
339440.0 9.0 48.0 8.50481941229536
462461.0 9.0 48.0 9.4568390550231
462462.0 9.0 48.0 10.373864015049381
462463.0 9.0 48.0 9.949867365068828
462464.0 9.0 48.0 9.14131304752023
462465.0 9.0 48.0 9.720617491819775
462466.0 9.0 48.0 9.328667314168719
462467.0 9.0 48.0 8.283462124295419
336355.0 10.0 48.0 8.105777666432855
336356.0 10.0 48.0 8.222709851340884
336886.0 10.0 48.0 8.58136505335414
336887.0 10.0 48.0 8.922803974173098
336888.0 10.0 48.0 9.48641101330466
336889.0 10.0 48.0 9.304000897308118
336890.0 10.0 48.0 9.706243724221553
336891.0 10.0 48.0 9.072481536328986
337813.0 10.0 48.0 8.042635660512703
337830.0 10.0 48.0 8.449581520338377
337831.0 10.0 48.0 9.712433489544297
337832.0 10.0 48.0 9.338257218644063
337833.0 10.0 48.0 9.349951890068152
337834.0 10.0 48.0 9.144155666744812
337835.0 10.0 48.0 9.485594597985912
337836.0 10.0 48.0 8.423866466280453
337881.0 10.0 48.0 8.04274532584795
337896.0 10.0 48.0 8.208810959357688
337897.0 10.0 48.0 8.33977483183677
337898.0 10.0 48.0 8.173735009334166
338127.0 10.0 48.0 8.269987822773661
338130.0 10.0 48.0 8.749408083411666
338131.0 10.0 48.0 8.894403629092881
338132.0 10.0 48.0 8.01742583059767
338713.0 10.0 48.0 9.150254597531053
338714.0 10.0 48.0 9.746602221539678
338715.0 10.0 48.0 10.111427280171302
338716.0 10.0 48.0 9.732573795446413
338717.0 10.0 48.0 9.145583863060486
338718.0 10.0 48.0 8.71761953115407
338719.0 10.0 48.0 8.060471245642248
338782.0 10.0 48.0 8.301450485598133
338783.0 10.0 48.0 9.01472869894513
338784.0 10.0 48.0 9.42398738199565
338785.0 10.0 48.0 9.552612652465653
338786.0 10.0 48.0 9.887035758847091
338787.0 10.0 48.0 9.86131265241375
338788.0 10.0 48.0 9.405284980017752
338789.0 10.0 48.0 8.416053823708879
339384.0 10.0 48.0 8.047520843451347
339437.0 10.0 48.0 8.143490311547804
339438.0 10.0 48.0 9.090629709255346
339439.0 10.0 48.0 9.282397504748397
339440.0 10.0 48.0 8.288489132053307
462460.0 10.0 48.0 8.710209002041857
462461.0 10.0 48.0 10.015157353296539
462462.0 10.0 48.0 9.633966617241553
462463.0 10.0 48.0 9.465589552412787
462464.0 10.0 48.0 9.128832440040112
462465.0 10.0 48.0 9.145205705189413
462466.0 10.0 48.0 8.380482638636668
462469.0 1.0 49.0 8.698974560423194
462467.0 2.0 49.0 8.822994991472468
462468.0 2.0 49.0 11.133737240166994
462466.0 3.0 49.0 9.633674171020123
462467.0 3.0 49.0 12.22630054821376
462468.0 3.0 49.0 9.928877578326334
337834.0 4.0 49.0 8.028108060888753
462465.0 4.0 49.0 8.879963989930836
462466.0 4.0 49.0 12.692493844097015
462467.0 4.0 49.0 11.314205980481768
462468.0 4.0 49.0 8.194530302910996
337834.0 5.0 49.0 8.405703365295718
337835.0 5.0 49.0 8.160474411107655
338718.0 5.0 49.0 8.188289886736005
338788.0 5.0 49.0 8.605948004126937
338789.0 5.0 49.0 8.155255724687013
462465.0 5.0 49.0 11.832780938023765
462466.0 5.0 49.0 12.001793407484474
462467.0 5.0 49.0 9.758268692435106
336890.0 6.0 49.0 8.35457435723178
337832.0 6.0 49.0 8.153404594293658
337833.0 6.0 49.0 8.123154353630788
337834.0 6.0 49.0 9.13659311867363
337835.0 6.0 49.0 8.177610922230096
338715.0 6.0 49.0 8.414999078994002
338717.0 6.0 49.0 8.838528294448903
338718.0 6.0 49.0 8.427104684292114
338787.0 6.0 49.0 8.705533624393528
338788.0 6.0 49.0 8.787215255124314
338789.0 6.0 49.0 8.548227220343529
339439.0 6.0 49.0 8.240713888663187
462464.0 6.0 49.0 10.647288847771769
462465.0 6.0 49.0 11.394512202129901
462466.0 6.0 49.0 10.62611760908992
462467.0 6.0 49.0 9.025796997022358
336888.0 7.0 49.0 8.016622740799153
336889.0 7.0 49.0 8.307905343851894
336890.0 7.0 49.0 8.417137405288898
336891.0 7.0 49.0 8.313510371912315
337831.0 7.0 49.0 8.547610700889694
337832.0 7.0 49.0 8.584022553150525
337833.0 7.0 49.0 8.87530516369243
337834.0 7.0 49.0 9.132978443480978
337835.0 7.0 49.0 8.278743030591341
337836.0 7.0 49.0 8.082690345118298
337898.0 7.0 49.0 8.043587600729703
338714.0 7.0 49.0 8.103830053180786
338715.0 7.0 49.0 9.084103951326489
338716.0 7.0 49.0 8.902055160652072
338717.0 7.0 49.0 9.064502010288843
338718.0 7.0 49.0 8.411922588972187
338785.0 7.0 49.0 8.294407264043196
338786.0 7.0 49.0 8.815353642347835
338787.0 7.0 49.0 8.921784941271126
338788.0 7.0 49.0 9.15705200812064
338789.0 7.0 49.0 8.930190777010306
339438.0 7.0 49.0 8.351568236666765
339439.0 7.0 49.0 8.317960662590602
462463.0 7.0 49.0 10.330593565236486
462464.0 7.0 49.0 10.406217292145417
462465.0 7.0 49.0 10.243774926169788
462466.0 7.0 49.0 9.94689523715692
462467.0 7.0 49.0 8.720157397089544
336888.0 8.0 49.0 8.742295163458786
336889.0 8.0 49.0 8.409571305439382
336890.0 8.0 49.0 8.975468864984288
336891.0 8.0 49.0 8.844476345616828
336892.0 8.0 49.0 8.113529585382386
337831.0 8.0 49.0 8.96412002212936
337832.0 8.0 49.0 9.296847600851692
337833.0 8.0 49.0 8.932685100661661
337834.0 8.0 49.0 9.205155266561935
337835.0 8.0 49.0 8.736197265799266
337836.0 8.0 49.0 8.37465465314942
337898.0 8.0 49.0 8.039424659651536
338130.0 8.0 49.0 8.307086074530243
338131.0 8.0 49.0 8.17347367816473
338714.0 8.0 49.0 8.790237082605454
338715.0 8.0 49.0 9.95084912347453
338716.0 8.0 49.0 9.151785303326555
338717.0 8.0 49.0 9.049611562107902
338785.0 8.0 49.0 9.1492945937873
338786.0 8.0 49.0 9.052360628183333
338787.0 8.0 49.0 9.301251814533531
338788.0 8.0 49.0 9.516084463200588
338789.0 8.0 49.0 8.66986266840642
339437.0 8.0 49.0 8.042304806785355
339438.0 8.0 49.0 8.456248912085437
339439.0 8.0 49.0 8.322636526813335
462462.0 8.0 49.0 10.320778649003184
462463.0 8.0 49.0 10.176687757063172
462464.0 8.0 49.0 9.448361949344616
462465.0 8.0 49.0 9.68415474705887
462466.0 8.0 49.0 9.644859355733901
336356.0 9.0 49.0 8.326763544900022
336886.0 9.0 49.0 8.392027214880407
336887.0 9.0 49.0 8.703255942066091
336888.0 9.0 49.0 8.844050968319856
336889.0 9.0 49.0 8.967555619124843
336890.0 9.0 49.0 9.468978476373024
336891.0 9.0 49.0 8.957679342532016
337830.0 9.0 49.0 8.243216631761005
337831.0 9.0 49.0 9.646209074915184
337832.0 9.0 49.0 9.359684830490163
337833.0 9.0 49.0 9.04598999606906
337834.0 9.0 49.0 9.614104310003428
337835.0 9.0 49.0 9.00400303918134
337896.0 9.0 49.0 8.203826303753406
337897.0 9.0 49.0 8.013634151749272
337898.0 9.0 49.0 8.265581600745781
338130.0 9.0 49.0 8.64889906295556
338131.0 9.0 49.0 8.438946483961814
338713.0 9.0 49.0 8.642644847688882
338714.0 9.0 49.0 9.657838877804739
338715.0 9.0 49.0 10.15926175147002
338716.0 9.0 49.0 9.16630217486526
338717.0 9.0 49.0 8.64759289653987
338718.0 9.0 49.0 8.077012491850153
338783.0 9.0 49.0 8.415538911484449
338784.0 9.0 49.0 8.830509908481565
338785.0 9.0 49.0 9.38627396278669
338786.0 9.0 49.0 9.435677021551719
338787.0 9.0 49.0 9.665393995813956
338788.0 9.0 49.0 9.270187399968501
338789.0 9.0 49.0 8.450131578598167
339437.0 9.0 49.0 8.189594748643266
339438.0 9.0 49.0 8.483533123319132
339439.0 9.0 49.0 8.940495038034433
462461.0 9.0 49.0 10.202116133969515
462462.0 9.0 49.0 10.214469500730678
462463.0 9.0 49.0 9.325253290059765
462464.0 9.0 49.0 9.004149415867563
462465.0 9.0 49.0 9.451232222736888
462466.0 9.0 49.0 8.930054003979865
336354.0 10.0 49.0 8.081216647629276
336355.0 10.0 49.0 8.55690834004107
336885.0 10.0 49.0 8.16667612098921
336886.0 10.0 49.0 9.07353476645631
336887.0 10.0 49.0 8.827490485704917
336888.0 10.0 49.0 9.375824440717649
336889.0 10.0 49.0 9.462528565522561
336890.0 10.0 49.0 9.57032237801186
336891.0 10.0 49.0 8.490063784824493
337830.0 10.0 49.0 8.95364668845994
337831.0 10.0 49.0 9.715220827794017
337832.0 10.0 49.0 9.47151985463391
337833.0 10.0 49.0 9.469178640429387
337834.0 10.0 49.0 9.84879510301313
337835.0 10.0 49.0 8.592789121486177
337836.0 10.0 49.0 8.23660981409786
337895.0 10.0 49.0 8.384360627419513
337896.0 10.0 49.0 8.24376479461024
337897.0 10.0 49.0 8.253140074165305
338128.0 10.0 49.0 8.185666310563573
338129.0 10.0 49.0 8.354385899195565
338130.0 10.0 49.0 8.90037656735473
338131.0 10.0 49.0 8.267688024359408
338132.0 10.0 49.0 8.183331360921024
338712.0 10.0 49.0 8.407156939998712
338713.0 10.0 49.0 9.499136194602947
338714.0 10.0 49.0 9.899842353205988
338715.0 10.0 49.0 10.148234100833104
338716.0 10.0 49.0 8.805526078329878
338717.0 10.0 49.0 8.718826121808073
338718.0 10.0 49.0 8.594633387207034
338720.0 10.0 49.0 8.172843819373107
338782.0 10.0 49.0 8.55961786781317
338783.0 10.0 49.0 9.227460070952578
338784.0 10.0 49.0 9.098580739716283
338785.0 10.0 49.0 9.759393046983023
338786.0 10.0 49.0 9.801574515795453
338787.0 10.0 49.0 9.452425113316405
338788.0 10.0 49.0 9.056409738235947
338789.0 10.0 49.0 8.547916028898829
339384.0 10.0 49.0 8.171892257870198
339385.0 10.0 49.0 8.043012932332745
339437.0 10.0 49.0 8.254018977558559
339438.0 10.0 49.0 9.085892091046981
339439.0 10.0 49.0 8.917176689302314
339440.0 10.0 49.0 8.331354131330176
462460.0 10.0 49.0 9.108977373906944
462461.0 10.0 49.0 10.137688738898294
462462.0 10.0 49.0 9.434702415926617
462463.0 10.0 49.0 8.937926372452353
462464.0 10.0 49.0 8.8465409920718
462465.0 10.0 49.0 8.811394778833801
462466.0 10.0 49.0 8.174020817555304
462467.0 2.0 50.0 10.389581074412204
462468.0 2.0 50.0 8.938847084537999
462465.0 3.0 50.0 8.140445214676136
462466.0 3.0 50.0 10.654881081191125
462467.0 3.0 50.0 11.599933927186639
462465.0 4.0 50.0 10.67125751173109
462466.0 4.0 50.0 11.926691922374049
462467.0 4.0 50.0 10.112057960838456
462464.0 5.0 50.0 9.587327304019134
462465.0 5.0 50.0 11.958985038050058
462466.0 5.0 50.0 10.726786967771437
462467.0 5.0 50.0 8.762555687250044
336890.0 6.0 50.0 8.013010899907604
337831.0 6.0 50.0 8.026583680488411
337833.0 6.0 50.0 8.226155252959874
337834.0 6.0 50.0 8.443867833946031
338716.0 6.0 50.0 8.799041723258995
338717.0 6.0 50.0 8.572261010245699
338785.0 6.0 50.0 8.303253791298522
338786.0 6.0 50.0 8.430253463210821
338787.0 6.0 50.0 8.037165732713694
339438.0 6.0 50.0 8.18636440663691
462463.0 6.0 50.0 8.905842047183677
462464.0 6.0 50.0 10.955956895477692
462465.0 6.0 50.0 10.971078593616014
462466.0 6.0 50.0 9.534793587337226
462467.0 6.0 50.0 8.140841276614694
336889.0 7.0 50.0 8.251451103652276
336890.0 7.0 50.0 8.405423174737487
336891.0 7.0 50.0 8.016299722956257
337831.0 7.0 50.0 8.40701930516269
337832.0 7.0 50.0 8.30903985565336
337833.0 7.0 50.0 8.720562391535472
337834.0 7.0 50.0 8.748558707664698
338714.0 7.0 50.0 8.442119686791091
338715.0 7.0 50.0 8.88723577013065
338716.0 7.0 50.0 9.377143236811625
338717.0 7.0 50.0 8.296552825491467
338785.0 7.0 50.0 8.806171220658914
338786.0 7.0 50.0 8.48983378818815
338787.0 7.0 50.0 8.223886661975062
338788.0 7.0 50.0 8.691398437804025
338789.0 7.0 50.0 8.307873930371949
339437.0 7.0 50.0 8.20260636067535
462462.0 7.0 50.0 9.112704756429903
462463.0 7.0 50.0 10.285682216290454
462464.0 7.0 50.0 10.19330309708633
462465.0 7.0 50.0 9.91895898311488
462466.0 7.0 50.0 8.958746811912217
336887.0 8.0 50.0 8.426874730009477
336888.0 8.0 50.0 8.523766824831837
336889.0 8.0 50.0 8.641608170953893
336890.0 8.0 50.0 8.762068173498973
336891.0 8.0 50.0 8.46878046312559
337830.0 8.0 50.0 8.041023525953639
337831.0 8.0 50.0 9.043970750349585
337832.0 8.0 50.0 8.805674835965995
337833.0 8.0 50.0 9.028262449922162
337834.0 8.0 50.0 8.651177745782222
337835.0 8.0 50.0 8.810917605899668
338130.0 8.0 50.0 8.099180208737334
338713.0 8.0 50.0 8.639688066456138
338714.0 8.0 50.0 9.30744728090974
338715.0 8.0 50.0 9.464568495239625
338716.0 8.0 50.0 9.108433053034842
338717.0 8.0 50.0 8.215473046596815
338784.0 8.0 50.0 8.477461304882077
338785.0 8.0 50.0 8.878117566275614
338786.0 8.0 50.0 8.673864196751135
338787.0 8.0 50.0 9.064045832525002
338788.0 8.0 50.0 9.05357303743517
338789.0 8.0 50.0 8.47485180118066
339437.0 8.0 50.0 8.06229283351055
339438.0 8.0 50.0 8.557220733581424
339439.0 8.0 50.0 8.135618889830903
462461.0 8.0 50.0 9.092088616083108
462462.0 8.0 50.0 10.432844022041955
462463.0 8.0 50.0 9.668199673606855
462464.0 8.0 50.0 9.312065725292456
462465.0 8.0 50.0 9.4011033668521
462466.0 8.0 50.0 8.717637367192753
336886.0 9.0 50.0 8.015300703364167
336887.0 9.0 50.0 8.975701974691
336888.0 9.0 50.0 8.906574889615667
336889.0 9.0 50.0 8.9954569527799
336890.0 9.0 50.0 9.17568805477553
337830.0 9.0 50.0 8.693592962816645
337831.0 9.0 50.0 9.500922883886096
337832.0 9.0 50.0 9.123184193267662
337833.0 9.0 50.0 8.952832509709653
337834.0 9.0 50.0 9.597215496708673
337835.0 9.0 50.0 8.5232489967545
337895.0 9.0 50.0 8.214753166530507
337896.0 9.0 50.0 8.019712554368741
337897.0 9.0 50.0 8.04687230691366
338130.0 9.0 50.0 8.138671429863278
338712.0 9.0 50.0 8.243492214607409
338713.0 9.0 50.0 9.47547173282969
338714.0 9.0 50.0 9.860620972286991
338715.0 9.0 50.0 9.240930784752557
338716.0 9.0 50.0 9.016263467797824
338717.0 9.0 50.0 8.394104387347953
338782.0 9.0 50.0 8.55223970808449
338783.0 9.0 50.0 8.431265895511459
338784.0 9.0 50.0 8.59668366411223
338785.0 9.0 50.0 9.06083747859202
338786.0 9.0 50.0 9.470675648381667
338787.0 9.0 50.0 9.416361945268012
338788.0 9.0 50.0 9.19910130805832
339437.0 9.0 50.0 8.61770537448778
339438.0 9.0 50.0 8.69424300558503
339439.0 9.0 50.0 8.511546877885559
462460.0 9.0 50.0 8.473050645134778
462461.0 9.0 50.0 10.371632841948726
462462.0 9.0 50.0 9.880326671845763
462463.0 9.0 50.0 8.905117485311157
462464.0 9.0 50.0 8.895245438737202
462465.0 9.0 50.0 9.181640545101228
462466.0 9.0 50.0 8.011388816262631
336355.0 10.0 50.0 8.107659436975895
336885.0 10.0 50.0 8.612301110640018
336886.0 10.0 50.0 8.581854564131936
336887.0 10.0 50.0 9.340728574410237
336888.0 10.0 50.0 9.254069287980931
336889.0 10.0 50.0 9.401629751349363
336890.0 10.0 50.0 8.591231438113752
336891.0 10.0 50.0 8.148558132052894
337829.0 10.0 50.0 8.164512988384491
337830.0 10.0 50.0 9.17165994616171
337831.0 10.0 50.0 9.792344316808428
337832.0 10.0 50.0 9.073291718702794
337833.0 10.0 50.0 9.860272111723317
337834.0 10.0 50.0 9.30985773348933
337835.0 10.0 50.0 8.234791115752142
337895.0 10.0 50.0 8.518319064038838
337896.0 10.0 50.0 8.213835423915114
338128.0 10.0 50.0 8.125304310015045
338130.0 10.0 50.0 8.188547717951437
338131.0 10.0 50.0 8.226024915684482
338712.0 10.0 50.0 9.082113227296917
338713.0 10.0 50.0 10.018994272056668
338714.0 10.0 50.0 9.655955705527386
338715.0 10.0 50.0 9.173465066621638
338716.0 10.0 50.0 9.168782717289234
338717.0 10.0 50.0 8.508285068574459
338719.0 10.0 50.0 8.021112080417291
338781.0 10.0 50.0 8.152402000289985
338782.0 10.0 50.0 9.049465688517705
338783.0 10.0 50.0 8.571659445525436
338784.0 10.0 50.0 8.810565636886437
338785.0 10.0 50.0 9.822397002548927
338786.0 10.0 50.0 9.810688061667785
338787.0 10.0 50.0 9.562417173518055
338788.0 10.0 50.0 8.487350568643459
339384.0 10.0 50.0 8.24966861954918
339436.0 10.0 50.0 8.273197456447079
339437.0 10.0 50.0 8.769745381384249
339438.0 10.0 50.0 9.046126741537732
339439.0 10.0 50.0 8.5706627048973
462459.0 10.0 50.0 8.044986100775803
462460.0 10.0 50.0 9.745425200038905
462461.0 10.0 50.0 9.881276370756783
462462.0 10.0 50.0 9.173936442264896
462463.0 10.0 50.0 8.557942216202356
462464.0 10.0 50.0 8.740637336917572
462465.0 10.0 50.0 8.513447895523868
