Times Bins DMs SNRs
337850.0 3.0 10.0 8.30527546521367
337851.0 3.0 10.0 8.33510492677393
339458.0 3.0 10.0 8.575698361423983
337849.0 4.0 10.0 8.059865805654612
337850.0 4.0 10.0 9.786922128711888
337851.0 4.0 10.0 8.314498506757902
338806.0 4.0 10.0 8.334296539359796
339457.0 4.0 10.0 8.290936918105357
339458.0 4.0 10.0 9.043757151484634
337849.0 5.0 10.0 9.529413688019101
337850.0 5.0 10.0 9.734058298033792
337851.0 5.0 10.0 8.304859285634222
338804.0 5.0 10.0 8.062110291544037
338805.0 5.0 10.0 9.098529848663432
338806.0 5.0 10.0 8.319567603098902
339456.0 5.0 10.0 8.287591957121665
339457.0 5.0 10.0 8.861914336327612
339458.0 5.0 10.0 8.700181911907405
337848.0 6.0 10.0 9.28974951014445
337849.0 6.0 10.0 9.594075115150863
337850.0 6.0 10.0 9.678443853022753
337851.0 6.0 10.0 8.129708180026235
338734.0 6.0 10.0 8.378307480612579
338804.0 6.0 10.0 9.228125184736829
338805.0 6.0 10.0 9.095550176430752
338806.0 6.0 10.0 8.31817010553924
339455.0 6.0 10.0 8.204800000312986
339456.0 6.0 10.0 8.885764098677818
339457.0 6.0 10.0 8.647730327464073
339458.0 6.0 10.0 8.361486831957663
339505.0 6.0 10.0 8.262136191645835
336847.0 7.0 10.0 8.135764512029406
337847.0 7.0 10.0 8.904754018760995
337848.0 7.0 10.0 9.429199875180759
337849.0 7.0 10.0 9.616104647624203
337850.0 7.0 10.0 9.468257931826784
338733.0 7.0 10.0 8.8087703447211
338734.0 7.0 10.0 8.423808004608027
338802.0 7.0 10.0 8.044550273526125
338803.0 7.0 10.0 9.043227419233878
338804.0 7.0 10.0 9.274765737703705
338805.0 7.0 10.0 9.090654291604194
338806.0 7.0 10.0 8.209143911653383
339368.0 7.0 10.0 8.014926892603334
339454.0 7.0 10.0 8.18246444544943
339455.0 7.0 10.0 8.818494155281641
339456.0 7.0 10.0 8.743176952585237
339457.0 7.0 10.0 8.394479367828199
339458.0 7.0 10.0 8.15736561250469
339504.0 7.0 10.0 8.41409501709402
336845.0 8.0 10.0 8.066759159570802
336846.0 8.0 10.0 8.304219066424583
336847.0 8.0 10.0 8.100685662853849
337846.0 8.0 10.0 8.799379385916248
337847.0 8.0 10.0 9.10468443343087
337848.0 8.0 10.0 9.506538312241325
337849.0 8.0 10.0 9.470008308499697
337850.0 8.0 10.0 9.250818353704007
338732.0 8.0 10.0 8.623704534708313
338733.0 8.0 10.0 8.863773899554314
338734.0 8.0 10.0 8.464533435671212
338735.0 8.0 10.0 8.276656629470805
338801.0 8.0 10.0 8.501199502346171
338802.0 8.0 10.0 9.143120760647577
338803.0 8.0 10.0 9.143122762347446
338804.0 8.0 10.0 9.302299864281435
338805.0 8.0 10.0 8.978732809832053
338806.0 8.0 10.0 8.741276875188781
339454.0 8.0 10.0 8.79737534942423
339455.0 8.0 10.0 8.732141664720428
339456.0 8.0 10.0 8.541655442156006
339457.0 8.0 10.0 8.241573248965533
339504.0 8.0 10.0 8.108587016002136
339505.0 8.0 10.0 8.06944761082071
336845.0 9.0 10.0 8.392488420168808
336846.0 9.0 10.0 8.291622630317868
336847.0 9.0 10.0 8.141552996654216
336906.0 9.0 10.0 8.011286151460473
336907.0 9.0 10.0 8.030969780024888
337845.0 9.0 10.0 8.18301034805304
337846.0 9.0 10.0 9.026858376661226
337847.0 9.0 10.0 9.231056435500978
337848.0 9.0 10.0 9.41065257244284
337849.0 9.0 10.0 9.299946030806737
337850.0 9.0 10.0 9.22122198767683
337851.0 9.0 10.0 8.475785860672191
338731.0 9.0 10.0 8.603116397893812
338732.0 9.0 10.0 8.718747552823238
338733.0 9.0 10.0 8.908184473514059
338734.0 9.0 10.0 8.881124481371378
338801.0 9.0 10.0 9.540598198817863
338802.0 9.0 10.0 9.26505879648672
338803.0 9.0 10.0 9.210936691405907
338804.0 9.0 10.0 9.218319391129075
338805.0 9.0 10.0 9.466800925634427
338806.0 9.0 10.0 8.435982520585982
339453.0 9.0 10.0 8.250385162160834
339454.0 9.0 10.0 8.749806311184921
339455.0 9.0 10.0 8.575134799759823
339456.0 9.0 10.0 8.420144825883515
339502.0 9.0 10.0 8.277551869683903
339504.0 9.0 10.0 8.282476524049347
339505.0 9.0 10.0 8.05122059306666
336845.0 10.0 10.0 8.40041816338664
336846.0 10.0 10.0 8.344405728639536
336902.0 10.0 10.0 8.176485215175532
336906.0 10.0 10.0 8.146152769453467
336907.0 10.0 10.0 8.14848891684629
337844.0 10.0 10.0 8.03386488638892
337845.0 10.0 10.0 8.456310834090685
337846.0 10.0 10.0 9.177501516793132
337847.0 10.0 10.0 9.182171624203024
337848.0 10.0 10.0 9.280199461312899
337849.0 10.0 10.0 9.29653928496875
337850.0 10.0 10.0 9.665304538192514
337851.0 10.0 10.0 8.241601381537096
338149.0 10.0 10.0 8.041544914923518
338730.0 10.0 10.0 8.094188172584403
338731.0 10.0 10.0 8.719687198156159
338732.0 10.0 10.0 8.794375618621155
338733.0 10.0 10.0 9.305511425367984
338800.0 10.0 10.0 8.9462340681322
338801.0 10.0 10.0 9.662756881393243
338802.0 10.0 10.0 9.350010724926573
338803.0 10.0 10.0 9.163297503548636
338804.0 10.0 10.0 9.695438800740995
338805.0 10.0 10.0 9.165635922816897
339451.0 10.0 10.0 8.002447736686266
339452.0 10.0 10.0 8.0024499862545
339453.0 10.0 10.0 8.259185992466456
339454.0 10.0 10.0 8.62561733107277
339455.0 10.0 10.0 8.483249042929282
339502.0 10.0 10.0 8.065578954954987
339504.0 10.0 10.0 8.27797229095643
338803.0 2.0 20.0 8.206918453044047
337826.0 3.0 20.0 8.19398865763041
337827.0 3.0 20.0 9.039826619333656
337826.0 4.0 20.0 9.396244673840446
337827.0 4.0 20.0 8.574940263314165
338801.0 4.0 20.0 8.084337495956575
337826.0 5.0 20.0 9.07169687242285
337827.0 5.0 20.0 8.347027209087384
338800.0 5.0 20.0 8.897930706183315
338801.0 5.0 20.0 8.130244039514656
339453.0 5.0 20.0 8.210746625036064
337826.0 6.0 20.0 8.899637430680512
337847.0 6.0 20.0 8.047840391398143
338730.0 6.0 20.0 8.445150370461018
338731.0 6.0 20.0 8.297138320716396
338732.0 6.0 20.0 8.09777452066187
338799.0 6.0 20.0 8.460379366425917
338800.0 6.0 20.0 8.943691777749935
339450.0 6.0 20.0 8.059815847426963
339451.0 6.0 20.0 8.008465928133711
339452.0 6.0 20.0 8.531047336039679
339453.0 6.0 20.0 8.153462767645093
337826.0 7.0 20.0 8.47914611871003
337846.0 7.0 20.0 8.034523040048311
337847.0 7.0 20.0 8.196728752672001
337931.0 7.0 20.0 8.146553386094004
338728.0 7.0 20.0 8.03345203527213
338729.0 7.0 20.0 8.75777770548432
338730.0 7.0 20.0 9.073797348584284
338731.0 7.0 20.0 8.61515418680424
338798.0 7.0 20.0 8.46706517462179
338799.0 7.0 20.0 8.592914888539125
338800.0 7.0 20.0 8.760713851837469
338801.0 7.0 20.0 8.019612412295091
339450.0 7.0 20.0 8.398435360338258
339451.0 7.0 20.0 8.650132834266055
339452.0 7.0 20.0 8.507507364202539
337826.0 8.0 20.0 8.57950925580916
337845.0 8.0 20.0 8.121749648275454
337846.0 8.0 20.0 8.213311567151646
337847.0 8.0 20.0 8.247321589173247
337931.0 8.0 20.0 8.205640702568193
338728.0 8.0 20.0 8.952867010548633
338729.0 8.0 20.0 9.366196370118631
338730.0 8.0 20.0 9.360966479714428
338731.0 8.0 20.0 8.432290244031062
338732.0 8.0 20.0 8.325036536479981
338734.0 8.0 20.0 8.058209215187242
338797.0 8.0 20.0 9.000099885914006
338798.0 8.0 20.0 8.631246648407016
338799.0 8.0 20.0 8.487369007791212
338800.0 8.0 20.0 8.819602514062849
339363.0 8.0 20.0 8.213877899833072
339450.0 8.0 20.0 9.01194034070921
339451.0 8.0 20.0 8.66139908315446
339452.0 8.0 20.0 8.269001900619882
339453.0 8.0 20.0 8.075420361851883
339499.0 8.0 20.0 8.054589680772978
337826.0 9.0 20.0 8.445736500674697
337842.0 9.0 20.0 8.125141921358297
337844.0 9.0 20.0 8.914389230522316
337845.0 9.0 20.0 8.315060119705665
337846.0 9.0 20.0 8.290398488674347
337847.0 9.0 20.0 8.302732618163631
338727.0 9.0 20.0 8.85468849888864
338728.0 9.0 20.0 9.547744639842183
338729.0 9.0 20.0 9.653801380885238
338730.0 9.0 20.0 9.177791490084452
338731.0 9.0 20.0 8.83496633710392
338732.0 9.0 20.0 8.83743494880955
338733.0 9.0 20.0 8.245505008504715
338796.0 9.0 20.0 9.010224445296629
338797.0 9.0 20.0 9.15574333228279
338798.0 9.0 20.0 8.561347009292346
338799.0 9.0 20.0 8.590945846753725
338800.0 9.0 20.0 8.514490170802887
339362.0 9.0 20.0 8.212380959102584
339363.0 9.0 20.0 8.350500705724253
339449.0 9.0 20.0 8.538138674795732
339450.0 9.0 20.0 9.03388410805331
339451.0 9.0 20.0 8.459218870868801
339452.0 9.0 20.0 8.459221113469631
339498.0 9.0 20.0 8.06963561825596
339499.0 9.0 20.0 8.511120603796368
336840.0 10.0 20.0 8.060829480198475
336902.0 10.0 20.0 8.000137295707674
337826.0 10.0 20.0 8.114590633629943
337842.0 10.0 20.0 8.678523869420129
337843.0 10.0 20.0 8.781478161089911
337844.0 10.0 20.0 9.080977109256994
337845.0 10.0 20.0 8.40711204442468
337846.0 10.0 20.0 8.364997661142436
337847.0 10.0 20.0 8.339261999255005
337848.0 10.0 20.0 8.044447343405189
338726.0 10.0 20.0 8.43958983204482
338727.0 10.0 20.0 9.450393270564398
338728.0 10.0 20.0 9.838805296933591
338729.0 10.0 20.0 9.49251467888072
338730.0 10.0 20.0 9.546332825817572
338731.0 10.0 20.0 9.319372892097073
338732.0 10.0 20.0 9.237481633416019
338734.0 10.0 20.0 8.163510171251055
338794.0 10.0 20.0 8.037300968586825
338795.0 10.0 20.0 9.020026600524666
338796.0 10.0 20.0 9.183816163836678
338797.0 10.0 20.0 9.08788600254228
338798.0 10.0 20.0 8.680760135183617
338799.0 10.0 20.0 8.339149153338623
338800.0 10.0 20.0 8.268956982838718
339362.0 10.0 20.0 8.366213465844323
339363.0 10.0 20.0 8.396633453225851
339448.0 10.0 20.0 8.141794210999763
339449.0 10.0 20.0 8.609760042652635
339450.0 10.0 20.0 8.848423775106006
339451.0 10.0 20.0 8.65422129986746
339452.0 10.0 20.0 8.247095446802373
339497.0 10.0 20.0 8.205085133710282
339498.0 10.0 20.0 8.525642474077495
338729.0 4.0 30.0 8.395102710856914
338726.0 5.0 30.0 8.292427760881667
338727.0 5.0 30.0 8.345411463487093
338728.0 5.0 30.0 8.345413355811107
338729.0 5.0 30.0 8.673240199343924
338796.0 5.0 30.0 8.266069348622862
338797.0 5.0 30.0 8.302496236413031
337821.0 6.0 30.0 8.210845753549988
337908.0 6.0 30.0 8.201956498770757
338725.0 6.0 30.0 9.047019710559695
338726.0 6.0 30.0 8.96842775758743
338727.0 6.0 30.0 9.143754965191146
338728.0 6.0 30.0 8.681261424254751
338729.0 6.0 30.0 8.57848669412845
338795.0 6.0 30.0 8.657217566461672
338796.0 6.0 30.0 8.80231630354359
337820.0 7.0 30.0 8.123828527731602
337821.0 7.0 30.0 8.417685081157549
337842.0 7.0 30.0 8.205037252908719
337908.0 7.0 30.0 8.938420686380141
338724.0 7.0 30.0 8.808707833197944
338725.0 7.0 30.0 9.67068276826912
338726.0 7.0 30.0 9.715462809675287
338727.0 7.0 30.0 9.449596846992218
338728.0 7.0 30.0 8.649195868252715
338729.0 7.0 30.0 8.461691059788647
338793.0 7.0 30.0 8.344292659949563
338794.0 7.0 30.0 9.139100892482256
338795.0 7.0 30.0 9.17828370964092
338796.0 7.0 30.0 8.487028625271863
339448.0 7.0 30.0 8.20583252421047
337819.0 8.0 30.0 8.443519492920728
337820.0 8.0 30.0 8.362368136650572
337821.0 8.0 30.0 8.139852209540438
337841.0 8.0 30.0 8.715829523426923
337842.0 8.0 30.0 8.6006459560128
337843.0 8.0 30.0 8.236765458404866
337844.0 8.0 30.0 8.04042815590214
337907.0 8.0 30.0 8.336396534831625
337908.0 8.0 30.0 8.103409159446018
338723.0 8.0 30.0 8.966631246997077
338724.0 8.0 30.0 9.450938188881814
338725.0 8.0 30.0 10.367192430621449
338726.0 8.0 30.0 10.00854767224768
338727.0 8.0 30.0 9.41167743337316
338728.0 8.0 30.0 8.576581713997886
338729.0 8.0 30.0 8.631559218548754
338792.0 8.0 30.0 8.228559238940912
338793.0 8.0 30.0 9.498224908929217
338794.0 8.0 30.0 9.636974012083655
338795.0 8.0 30.0 8.901357065884126
338796.0 8.0 30.0 8.532240858957882
339445.0 8.0 30.0 8.607098638988353
339448.0 8.0 30.0 8.211808629159773
337818.0 9.0 30.0 8.445723245375673
337819.0 9.0 30.0 8.68019948293537
337820.0 9.0 30.0 8.134742102034563
337840.0 9.0 30.0 8.561781543560633
337841.0 9.0 30.0 9.089966960610848
337842.0 9.0 30.0 8.845623192287375
337843.0 9.0 30.0 8.650642311226614
337844.0 9.0 30.0 8.092844208929227
337906.0 9.0 30.0 8.487903802355284
338722.0 9.0 30.0 8.919426794592999
338723.0 9.0 30.0 9.595700888622616
338724.0 9.0 30.0 10.15597219764276
338725.0 9.0 30.0 10.642199175812035
338726.0 9.0 30.0 9.975802736817817
338727.0 9.0 30.0 9.331619597101326
338728.0 9.0 30.0 8.761480788270259
338729.0 9.0 30.0 8.65041683083897
338791.0 9.0 30.0 8.12732766978751
338792.0 9.0 30.0 9.353997957796153
338793.0 9.0 30.0 9.980909165790115
338794.0 9.0 30.0 9.383620770114703
338795.0 9.0 30.0 8.951698046728763
338796.0 9.0 30.0 8.482753157926034
339444.0 9.0 30.0 8.44244427654504
339445.0 9.0 30.0 8.630025799322826
339446.0 9.0 30.0 8.210443808999113
462473.0 9.0 30.0 8.08003181712502
337818.0 10.0 30.0 8.694963433846253
337819.0 10.0 30.0 8.472524796784437
337838.0 10.0 30.0 8.20096280263058
337839.0 10.0 30.0 8.66223846736314
337840.0 10.0 30.0 8.950244069422746
337841.0 10.0 30.0 9.322543215512491
337842.0 10.0 30.0 9.231227869554887
337843.0 10.0 30.0 8.692688442885581
337844.0 10.0 30.0 8.090928858225551
337904.0 10.0 30.0 8.367384002440266
337905.0 10.0 30.0 8.547681188335433
338139.0 10.0 30.0 8.150251563998712
338140.0 10.0 30.0 8.150254229482773
338721.0 10.0 30.0 8.26419734775469
338722.0 10.0 30.0 9.544993595355692
338723.0 10.0 30.0 10.284906268898412
338724.0 10.0 30.0 10.458179007712546
338725.0 10.0 30.0 10.608036873208249
338726.0 10.0 30.0 9.898568887267308
338727.0 10.0 30.0 9.493494254720964
338728.0 10.0 30.0 8.798075192818441
338729.0 10.0 30.0 8.718467299687896
338730.0 10.0 30.0 8.011340801153484
338790.0 10.0 30.0 8.044282231098292
338791.0 10.0 30.0 9.22439452460871
338792.0 10.0 30.0 9.847232832725203
338793.0 10.0 30.0 9.751234529424913
338794.0 10.0 30.0 9.432794929444713
338795.0 10.0 30.0 8.908304444120256
338796.0 10.0 30.0 8.14498225078024
339443.0 10.0 30.0 8.678235994566236
339444.0 10.0 30.0 8.49794415911348
339445.0 10.0 30.0 9.052879346449593
339446.0 10.0 30.0 8.268483778947834
462472.0 10.0 30.0 8.275925708983385
462472.0 1.0 40.0 8.524144351252305
462471.0 2.0 40.0 10.489994824821698
462472.0 2.0 40.0 10.060809402702994
338792.0 3.0 40.0 8.02680221962473
462470.0 3.0 40.0 9.871045859710518
462471.0 3.0 40.0 11.858244351282227
462472.0 3.0 40.0 10.221481476382289
338721.0 4.0 40.0 8.05821796587696
338791.0 4.0 40.0 8.498745387527986
338792.0 4.0 40.0 9.157523815375605
338793.0 4.0 40.0 8.565366393319447
338794.0 4.0 40.0 8.054630831329558
462469.0 4.0 40.0 8.72104834716722
462470.0 4.0 40.0 11.400570853681026
462471.0 4.0 40.0 12.007536922476191
462472.0 4.0 40.0 9.99049850137067
337838.0 5.0 40.0 8.215846633942103
337839.0 5.0 40.0 8.298605098476093
338720.0 5.0 40.0 9.061497445134307
338721.0 5.0 40.0 8.799987910238075
338791.0 5.0 40.0 9.574713002709922
338792.0 5.0 40.0 9.783261715695442
338793.0 5.0 40.0 8.995419356071062
338794.0 5.0 40.0 8.01558137449331
462468.0 5.0 40.0 8.067154768444329
462469.0 5.0 40.0 10.351244095322969
462470.0 5.0 40.0 11.751491507296743
462471.0 5.0 40.0 11.758115525348753
462472.0 5.0 40.0 8.960941408821892
336897.0 6.0 40.0 8.208321311274629
337837.0 6.0 40.0 8.297730486018095
337838.0 6.0 40.0 8.7751844691813
337839.0 6.0 40.0 8.627115781371012
338137.0 6.0 40.0 8.086770608082853
338719.0 6.0 40.0 8.217818928209937
338720.0 6.0 40.0 9.725723315300474
338721.0 6.0 40.0 8.659012650800042
338722.0 6.0 40.0 8.45352885216921
338790.0 6.0 40.0 8.919023441155417
338791.0 6.0 40.0 10.194245483123817
338792.0 6.0 40.0 10.148919664131098
338793.0 6.0 40.0 8.952269508695982
338794.0 6.0 40.0 8.00341094275008
462468.0 6.0 40.0 9.692914727120684
462469.0 6.0 40.0 10.868417664224083
462470.0 6.0 40.0 11.657123973871476
462471.0 6.0 40.0 10.756616886999097
462472.0 6.0 40.0 8.689676220423724
336895.0 7.0 40.0 8.301330543438542
336896.0 7.0 40.0 8.56151758037918
336897.0 7.0 40.0 8.466398213319787
337836.0 7.0 40.0 8.476707065870329
337837.0 7.0 40.0 8.862790088357858
337838.0 7.0 40.0 9.097797946949408
337839.0 7.0 40.0 8.48510627471473
338136.0 7.0 40.0 8.203148777999598
338718.0 7.0 40.0 8.039282839370989
338719.0 7.0 40.0 8.954128950192958
338720.0 7.0 40.0 9.583610862529977
338721.0 7.0 40.0 9.494086902188526
338722.0 7.0 40.0 8.74990389824248
338789.0 7.0 40.0 8.797602839014093
338790.0 7.0 40.0 9.603339110411065
338791.0 7.0 40.0 10.565745922178426
338792.0 7.0 40.0 10.081747923910434
338793.0 7.0 40.0 8.92350706449362
462467.0 7.0 40.0 9.439993169467744
462468.0 7.0 40.0 10.287696817115766
462469.0 7.0 40.0 10.922776160014523
462470.0 7.0 40.0 10.813670436249382
462471.0 7.0 40.0 10.430391266881706
462472.0 7.0 40.0 8.309747712535927
336894.0 8.0 40.0 8.565688827403767
336895.0 8.0 40.0 8.926836682627734
336896.0 8.0 40.0 8.819541949725574
336897.0 8.0 40.0 8.060614789758345
337835.0 8.0 40.0 8.502316285502161
337836.0 8.0 40.0 9.03356900786764
337837.0 8.0 40.0 9.201059050072105
337838.0 8.0 40.0 8.975999437425148
337839.0 8.0 40.0 8.51541003187444
337903.0 8.0 40.0 8.21459546111445
338134.0 8.0 40.0 8.105188069119855
338135.0 8.0 40.0 9.034224447058564
338717.0 8.0 40.0 8.080300640937015
338718.0 8.0 40.0 8.779041231697915
338719.0 8.0 40.0 8.917744314863215
338720.0 8.0 40.0 10.346627263716254
338721.0 8.0 40.0 9.744719998063882
338722.0 8.0 40.0 8.705774116674917
338723.0 8.0 40.0 8.389119600262964
338788.0 8.0 40.0 8.575069811827502
338789.0 8.0 40.0 9.48840421517679
338790.0 8.0 40.0 10.037975938365058
338791.0 8.0 40.0 10.524739716792006
338792.0 8.0 40.0 10.024895362665525
338793.0 8.0 40.0 8.753036687314093
338794.0 8.0 40.0 8.143278429859734
339443.0 8.0 40.0 8.026949257427223
339444.0 8.0 40.0 8.032185470802254
462466.0 8.0 40.0 8.889451477617683
462467.0 8.0 40.0 10.059253850168801
462468.0 8.0 40.0 10.428254926804565
462469.0 8.0 40.0 10.237218495844727
462470.0 8.0 40.0 10.556496616232552
462471.0 8.0 40.0 10.004314502828572
336893.0 9.0 40.0 8.369141561726375
336894.0 9.0 40.0 9.17102582133491
336895.0 9.0 40.0 9.180897442257848
336896.0 9.0 40.0 8.448103006345933
337834.0 9.0 40.0 8.425599692454758
337835.0 9.0 40.0 9.057238262389351
337836.0 9.0 40.0 9.375526037590554
337837.0 9.0 40.0 9.113991476064353
337838.0 9.0 40.0 9.007898647386815
337839.0 9.0 40.0 8.391068696572914
337902.0 9.0 40.0 8.016181018635429
337903.0 9.0 40.0 8.233308302303653
338134.0 9.0 40.0 9.119616685133787
338135.0 9.0 40.0 8.779127598255235
338136.0 9.0 40.0 8.1326897039209
338716.0 9.0 40.0 8.264811505103632
338717.0 9.0 40.0 8.805158915215005
338718.0 9.0 40.0 8.787889950431806
338719.0 9.0 40.0 9.710673369924073
338720.0 9.0 40.0 10.569306233029197
338721.0 9.0 40.0 9.67860276954432
338722.0 9.0 40.0 9.10865208810809
338723.0 9.0 40.0 8.538701406690683
338724.0 9.0 40.0 8.005760661680155
338787.0 9.0 40.0 8.950895097648147
338788.0 9.0 40.0 9.271650219860046
338789.0 9.0 40.0 9.940298744138504
338790.0 9.0 40.0 10.06860219717015
338791.0 9.0 40.0 10.483115824954924
338792.0 9.0 40.0 9.83421061387502
338793.0 9.0 40.0 9.012592366336337
339442.0 9.0 40.0 8.28872042231723
339443.0 9.0 40.0 8.412089229454304
339444.0 9.0 40.0 8.069132838120684
462465.0 9.0 40.0 8.03464386001082
462466.0 9.0 40.0 9.539719274457962
462467.0 9.0 40.0 10.242912733849357
462468.0 9.0 40.0 9.85061207617309
462469.0 9.0 40.0 10.067741704372315
462470.0 9.0 40.0 10.186178168888878
462471.0 9.0 40.0 9.177045238134795
336892.0 10.0 40.0 8.627569330131722
336893.0 10.0 40.0 8.978678844446513
336894.0 10.0 40.0 9.425757628717394
336895.0 10.0 40.0 8.835900154916454
336896.0 10.0 40.0 8.217954114324744
336897.0 10.0 40.0 8.040062287119087
337818.0 10.0 40.0 8.444910851506565
337834.0 10.0 40.0 8.980973498049671
337835.0 10.0 40.0 9.406985875881754
337836.0 10.0 40.0 9.311019053836523
337837.0 10.0 40.0 9.163556525991684
337838.0 10.0 40.0 8.88969544751894
337839.0 10.0 40.0 8.69073721389433
337840.0 10.0 40.0 8.30452186821883
337885.0 10.0 40.0 8.061197801727921
337902.0 10.0 40.0 8.068261577139832
338133.0 10.0 40.0 8.974684153707955
338134.0 10.0 40.0 8.899783762682915
338135.0 10.0 40.0 8.932556211118381
338136.0 10.0 40.0 8.00797667411209
338137.0 10.0 40.0 8.160125531532325
338716.0 10.0 40.0 8.966755231264484
338717.0 10.0 40.0 8.838018432085656
338718.0 10.0 40.0 9.573005062352902
338719.0 10.0 40.0 9.98497317431798
338720.0 10.0 40.0 10.492910556239146
338721.0 10.0 40.0 10.036473811015902
338722.0 10.0 40.0 9.238292836283419
338723.0 10.0 40.0 8.585236123425588
338724.0 10.0 40.0 8.147525089468939
338786.0 10.0 40.0 8.772648601289829
338787.0 10.0 40.0 9.617648786267567
338788.0 10.0 40.0 9.739368375891956
338789.0 10.0 40.0 10.003871513490116
338790.0 10.0 40.0 10.083458252938271
338791.0 10.0 40.0 10.308169254261081
338792.0 10.0 40.0 10.050693192021605
338793.0 10.0 40.0 8.196850249399011
339374.0 10.0 40.0 8.039118314352079
339441.0 10.0 40.0 8.212497241312763
339442.0 10.0 40.0 8.664257503936977
339443.0 10.0 40.0 8.451255018729949
339444.0 10.0 40.0 8.149305405309162
462465.0 10.0 40.0 8.721537664889572
462466.0 10.0 40.0 9.770182412999073
462467.0 10.0 40.0 9.735076625019076
462468.0 10.0 40.0 9.73976297337395
462469.0 10.0 40.0 9.77253788855927
462470.0 10.0 40.0 9.42143572401944
462471.0 10.0 40.0 8.845625025014575
462467.0 2.0 50.0 10.389581074412197
462468.0 2.0 50.0 8.93884708453799
462465.0 3.0 50.0 8.140445214676127
462466.0 3.0 50.0 10.654881081191116
462467.0 3.0 50.0 11.599933927186628
462465.0 4.0 50.0 10.67125751173108
462466.0 4.0 50.0 11.92669192237404
462467.0 4.0 50.0 10.112057960838445
462464.0 5.0 50.0 9.587327304019123
462465.0 5.0 50.0 11.958985038050047
462466.0 5.0 50.0 10.726786967771426
462467.0 5.0 50.0 8.762555687250035
336890.0 6.0 50.0 8.013010899907602
337831.0 6.0 50.0 8.02658368048841
337833.0 6.0 50.0 8.226155252959874
337834.0 6.0 50.0 8.443867833946031
338716.0 6.0 50.0 8.799041723258993
338717.0 6.0 50.0 8.572261010245697
338785.0 6.0 50.0 8.30325379129852
338786.0 6.0 50.0 8.43025346321082
338787.0 6.0 50.0 8.037165732713692
339438.0 6.0 50.0 8.186364406636912
462463.0 6.0 50.0 8.905842047183665
462464.0 6.0 50.0 10.95595689547768
462465.0 6.0 50.0 10.971078593616001
462466.0 6.0 50.0 9.534793587337216
462467.0 6.0 50.0 8.140841276614685
336889.0 7.0 50.0 8.251451103652274
336890.0 7.0 50.0 8.405423174737487
336891.0 7.0 50.0 8.016299722956255
337831.0 7.0 50.0 8.407019305162688
337832.0 7.0 50.0 8.30903985565336
337833.0 7.0 50.0 8.72056239153547
337834.0 7.0 50.0 8.7485587076647
338714.0 7.0 50.0 8.44211968679109
338715.0 7.0 50.0 8.887235770130648
338716.0 7.0 50.0 9.377143236811623
338717.0 7.0 50.0 8.296552825491466
338785.0 7.0 50.0 8.806171220658912
338786.0 7.0 50.0 8.489833788188148
338787.0 7.0 50.0 8.223886661975062
338788.0 7.0 50.0 8.691398437804025
338789.0 7.0 50.0 8.307873930371949
339437.0 7.0 50.0 8.20260636067535
462462.0 7.0 50.0 9.11270475642989
462463.0 7.0 50.0 10.285682216290441
462464.0 7.0 50.0 10.193303097086318
462465.0 7.0 50.0 9.91895898311487
462466.0 7.0 50.0 8.958746811912206
336887.0 8.0 50.0 8.426874730009477
336888.0 8.0 50.0 8.523766824831837
336889.0 8.0 50.0 8.64160817095389
336890.0 8.0 50.0 8.762068173498971
336891.0 8.0 50.0 8.46878046312559
337830.0 8.0 50.0 8.041023525953637
337831.0 8.0 50.0 9.043970750349585
337832.0 8.0 50.0 8.805674835965995
337833.0 8.0 50.0 9.028262449922163
337834.0 8.0 50.0 8.651177745782224
337835.0 8.0 50.0 8.81091760589967
338130.0 8.0 50.0 8.099180208737334
338713.0 8.0 50.0 8.639688066456136
338714.0 8.0 50.0 9.307447280909738
338715.0 8.0 50.0 9.464568495239623
338716.0 8.0 50.0 9.10843305303484
338717.0 8.0 50.0 8.215473046596813
338784.0 8.0 50.0 8.477461304882077
338785.0 8.0 50.0 8.878117566275613
338786.0 8.0 50.0 8.673864196751135
338787.0 8.0 50.0 9.064045832525002
338788.0 8.0 50.0 9.05357303743517
338789.0 8.0 50.0 8.47485180118066
339437.0 8.0 50.0 8.062292833510552
339438.0 8.0 50.0 8.557220733581424
339439.0 8.0 50.0 8.135618889830905
462461.0 8.0 50.0 9.092088616083096
462462.0 8.0 50.0 10.432844022041943
462463.0 8.0 50.0 9.668199673606841
462464.0 8.0 50.0 9.312065725292445
462465.0 8.0 50.0 9.401103366852087
462466.0 8.0 50.0 8.71763736719274
336886.0 9.0 50.0 8.015300703364167
336887.0 9.0 50.0 8.975701974691
336888.0 9.0 50.0 8.906574889615667
336889.0 9.0 50.0 8.995456952779898
336890.0 9.0 50.0 9.17568805477553
337830.0 9.0 50.0 8.693592962816645
337831.0 9.0 50.0 9.500922883886096
337832.0 9.0 50.0 9.123184193267663
337833.0 9.0 50.0 8.952832509709655
337834.0 9.0 50.0 9.597215496708674
337835.0 9.0 50.0 8.523248996754504
337895.0 9.0 50.0 8.214753166530508
337896.0 9.0 50.0 8.019712554368741
337897.0 9.0 50.0 8.04687230691366
338130.0 9.0 50.0 8.138671429863278
338712.0 9.0 50.0 8.243492214607407
338713.0 9.0 50.0 9.475471732829687
338714.0 9.0 50.0 9.86062097228699
338715.0 9.0 50.0 9.240930784752555
338716.0 9.0 50.0 9.016263467797822
338717.0 9.0 50.0 8.394104387347953
338782.0 9.0 50.0 8.552239708084493
338783.0 9.0 50.0 8.43126589551146
338784.0 9.0 50.0 8.59668366411223
338785.0 9.0 50.0 9.06083747859202
338786.0 9.0 50.0 9.470675648381667
338787.0 9.0 50.0 9.416361945268012
338788.0 9.0 50.0 9.19910130805832
339437.0 9.0 50.0 8.617705374487782
339438.0 9.0 50.0 8.694243005585031
339439.0 9.0 50.0 8.51154687788556
462460.0 9.0 50.0 8.473050645134764
462461.0 9.0 50.0 10.371632841948712
462462.0 9.0 50.0 9.880326671845749
462463.0 9.0 50.0 8.905117485311143
462464.0 9.0 50.0 8.89524543873719
462465.0 9.0 50.0 9.181640545101216
462466.0 9.0 50.0 8.011388816262619
336355.0 10.0 50.0 8.107659436975895
336885.0 10.0 50.0 8.612301110640018
336886.0 10.0 50.0 8.581854564131936
336887.0 10.0 50.0 9.340728574410237
336888.0 10.0 50.0 9.254069287980931
336889.0 10.0 50.0 9.401629751349363
336890.0 10.0 50.0 8.591231438113754
336891.0 10.0 50.0 8.148558132052896
337829.0 10.0 50.0 8.164512988384493
337830.0 10.0 50.0 9.17165994616171
337831.0 10.0 50.0 9.79234431680843
337832.0 10.0 50.0 9.073291718702796
337833.0 10.0 50.0 9.86027211172332
337834.0 10.0 50.0 9.309857733489334
337835.0 10.0 50.0 8.234791115752147
337895.0 10.0 50.0 8.51831906403884
337896.0 10.0 50.0 8.213835423915114
338128.0 10.0 50.0 8.125304310015045
338130.0 10.0 50.0 8.188547717951437
338131.0 10.0 50.0 8.226024915684484
338712.0 10.0 50.0 9.082113227296915
338713.0 10.0 50.0 10.018994272056666
338714.0 10.0 50.0 9.655955705527385
338715.0 10.0 50.0 9.173465066621636
338716.0 10.0 50.0 9.168782717289234
338717.0 10.0 50.0 8.508285068574459
338719.0 10.0 50.0 8.021112080417291
338781.0 10.0 50.0 8.152402000289985
338782.0 10.0 50.0 9.049465688517705
338783.0 10.0 50.0 8.571659445525437
338784.0 10.0 50.0 8.810565636886437
338785.0 10.0 50.0 9.822397002548925
338786.0 10.0 50.0 9.810688061667783
338787.0 10.0 50.0 9.562417173518055
338788.0 10.0 50.0 8.487350568643459
339384.0 10.0 50.0 8.249668619549178
339436.0 10.0 50.0 8.273197456447079
339437.0 10.0 50.0 8.76974538138425
339438.0 10.0 50.0 9.046126741537734
339439.0 10.0 50.0 8.570662704897302
462459.0 10.0 50.0 8.044986100775787
462460.0 10.0 50.0 9.745425200038891
462461.0 10.0 50.0 9.881276370756767
462462.0 10.0 50.0 9.173936442264882
462463.0 10.0 50.0 8.557942216202344
462464.0 10.0 50.0 8.74063733691756
462465.0 10.0 50.0 8.513447895523855
337829.0 5.0 60.0 8.253332776801422
337830.0 5.0 60.0 8.747703970966423
336885.0 6.0 60.0 8.086816084017734
337829.0 6.0 60.0 9.04592025676904
337830.0 6.0 60.0 8.664290087277054
337831.0 6.0 60.0 8.219054536360767
338713.0 6.0 60.0 8.03314140223254
339383.0 6.0 60.0 8.201157428092746
336351.0 7.0 60.0 8.012881244593313
336885.0 7.0 60.0 8.185147511676144
336888.0 7.0 60.0 8.30012447010571
337827.0 7.0 60.0 8.607919812920917
337828.0 7.0 60.0 8.725696383001136
337829.0 7.0 60.0 9.003309477549815
337830.0 7.0 60.0 8.961249523203977
338712.0 7.0 60.0 8.304298720753449
338713.0 7.0 60.0 8.66042801524947
338783.0 7.0 60.0 8.015634752406324
339382.0 7.0 60.0 8.336689480975128
339383.0 7.0 60.0 8.157226220542587
336350.0 8.0 60.0 8.691285720723455
336883.0 8.0 60.0 8.105018844427947
336884.0 8.0 60.0 8.110267360552623
336885.0 8.0 60.0 8.89455926784608
336886.0 8.0 60.0 8.2886390629949
336887.0 8.0 60.0 8.236180661301674
336888.0 8.0 60.0 8.118146216597156
336889.0 8.0 60.0 8.514227949234755
337826.0 8.0 60.0 8.684388754694387
337827.0 8.0 60.0 9.36113596565992
337828.0 8.0 60.0 8.749969691601999
337829.0 8.0 60.0 9.30081089998706
337830.0 8.0 60.0 8.708005918006753
338711.0 8.0 60.0 8.369172153500081
338712.0 8.0 60.0 8.912144250065749
338713.0 8.0 60.0 8.230155862913309
338782.0 8.0 60.0 8.253933037126748
338783.0 8.0 60.0 8.442794502422778
339380.0 8.0 60.0 8.147862929308156
339381.0 8.0 60.0 8.680342869099432
339382.0 8.0 60.0 8.326234707188846
339383.0 8.0 60.0 8.21606942535159
339384.0 8.0 60.0 8.276401855398099
336349.0 9.0 60.0 8.409201086335306
336350.0 9.0 60.0 8.42651485019099
336881.0 9.0 60.0 8.002521964359934
336882.0 9.0 60.0 8.73454067009877
336883.0 9.0 60.0 8.25724895228593
336884.0 9.0 60.0 8.813682709031657
336885.0 9.0 60.0 9.154963077551306
336886.0 9.0 60.0 8.927447132343481
336887.0 9.0 60.0 8.098985516544417
336888.0 9.0 60.0 9.132713571408589
336889.0 9.0 60.0 8.05942223798677
337825.0 9.0 60.0 8.868051411857655
337826.0 9.0 60.0 9.422012156251217
337827.0 9.0 60.0 9.379973284955659
337828.0 9.0 60.0 9.078266531314966
337829.0 9.0 60.0 9.075796099268405
337830.0 9.0 60.0 8.704844577030125
337831.0 9.0 60.0 8.081644254799887
338710.0 9.0 60.0 8.24220559960087
338711.0 9.0 60.0 8.969278279753812
338712.0 9.0 60.0 8.52413594812095
338713.0 9.0 60.0 8.378229938082223
338780.0 9.0 60.0 8.450122612116225
338781.0 9.0 60.0 8.207768532576146
338782.0 9.0 60.0 8.67270030405489
338783.0 9.0 60.0 8.712271353967564
339380.0 9.0 60.0 8.87457958478369
339381.0 9.0 60.0 8.681686063881921
339382.0 9.0 60.0 8.40223658220912
339383.0 9.0 60.0 8.862222308418904
339384.0 9.0 60.0 8.538258332659105
339433.0 9.0 60.0 8.041308230746997
339434.0 9.0 60.0 8.033891769524143
336346.0 10.0 60.0 8.186301514800835
336348.0 10.0 60.0 8.383381002778195
336349.0 10.0 60.0 8.198040246341
336350.0 10.0 60.0 8.399809263263272
336352.0 10.0 60.0 8.083088506757472
336880.0 10.0 60.0 8.31209581957977
336881.0 10.0 60.0 8.910359098169923
336882.0 10.0 60.0 8.870477780721338
336883.0 10.0 60.0 8.94086409569632
336884.0 10.0 60.0 9.091018485195153
336885.0 10.0 60.0 9.740896400298567
336886.0 10.0 60.0 8.78602834592603
336887.0 10.0 60.0 9.086334405135698
336888.0 10.0 60.0 8.69453511202251
337824.0 10.0 60.0 8.720549551651237
337825.0 10.0 60.0 9.583924387934513
337826.0 10.0 60.0 9.464275011928395
337827.0 10.0 60.0 9.684813012512949
337828.0 10.0 60.0 8.903557842100593
337829.0 10.0 60.0 9.079519565788582
337830.0 10.0 60.0 8.797987920997699
337831.0 10.0 60.0 8.15984606078086
337891.0 10.0 60.0 8.387583866355978
337892.0 10.0 60.0 8.023938028267228
338130.0 10.0 60.0 8.275624706429925
338709.0 10.0 60.0 8.389828271250762
338710.0 10.0 60.0 8.842632150759654
338711.0 10.0 60.0 8.62444575649165
338712.0 10.0 60.0 8.67371702382268
338713.0 10.0 60.0 8.732372770524368
338779.0 10.0 60.0 8.216407992309238
338780.0 10.0 60.0 8.725518749123372
338781.0 10.0 60.0 8.631676707475368
338782.0 10.0 60.0 8.941367278055912
338783.0 10.0 60.0 8.631682211305236
338785.0 10.0 60.0 8.068618953977124
339379.0 10.0 60.0 8.264984548828803
339380.0 10.0 60.0 8.891401307702278
339381.0 10.0 60.0 8.76002135877658
339382.0 10.0 60.0 9.02982790224099
339383.0 10.0 60.0 9.104906499131786
339384.0 10.0 60.0 8.459726305638455
339433.0 10.0 60.0 8.523206903776819
339434.0 10.0 60.0 8.030524500626854
336884.0 3.0 70.0 8.254262159400279
336883.0 4.0 70.0 8.099227158348759
336884.0 4.0 70.0 8.180773315013479
336881.0 5.0 70.0 8.167547692164913
336882.0 5.0 70.0 8.641631648605035
336883.0 5.0 70.0 8.167551117149218
336884.0 5.0 70.0 8.572014604221652
336880.0 6.0 70.0 8.195945590602166
336881.0 6.0 70.0 9.524539211010703
336882.0 6.0 70.0 8.731623007102392
336883.0 6.0 70.0 8.601489473005156
336884.0 6.0 70.0 8.295824455595694
339432.0 6.0 70.0 8.161432766193599
336879.0 7.0 70.0 8.037744212966464
336880.0 7.0 70.0 9.503143324315955
336881.0 7.0 70.0 9.598410170622198
336882.0 7.0 70.0 9.144503348330716
336883.0 7.0 70.0 8.399198252912452
336884.0 7.0 70.0 8.29833164618585
337823.0 7.0 70.0 8.090097648759404
339431.0 7.0 70.0 8.474455262035745
339432.0 7.0 70.0 8.317550562275322
336879.0 8.0 70.0 9.310100766614402
336880.0 8.0 70.0 9.619374267221973
336881.0 8.0 70.0 9.970582864044491
336882.0 8.0 70.0 8.96152177790544
336883.0 8.0 70.0 8.434714298077894
336884.0 8.0 70.0 8.757092516308978
337821.0 8.0 70.0 8.145828174518801
337822.0 8.0 70.0 8.405303762782024
337823.0 8.0 70.0 8.001680642403219
337826.0 8.0 70.0 8.24543493078459
338779.0 8.0 70.0 8.449332627959544
338780.0 8.0 70.0 8.040467635177736
339377.0 8.0 70.0 8.12827201192413
339378.0 8.0 70.0 8.002468927626913
339431.0 8.0 70.0 8.63947505101878
339432.0 8.0 70.0 8.28302893844843
336346.0 9.0 70.0 8.513319336779372
336347.0 9.0 70.0 8.078416959259606
336878.0 9.0 70.0 8.722107458709822
336879.0 9.0 70.0 9.465895577788322
336880.0 9.0 70.0 10.004586609876585
336881.0 9.0 70.0 9.784665524981309
336882.0 9.0 70.0 8.993932065421653
336883.0 9.0 70.0 8.890150294887743
336884.0 9.0 70.0 8.862971050842324
337820.0 9.0 70.0 8.323968932793921
337821.0 9.0 70.0 8.610612957545579
337822.0 9.0 70.0 8.333857755355977
337823.0 9.0 70.0 8.244902295501737
337824.0 9.0 70.0 8.440117498383476
337825.0 9.0 70.0 8.230080625750613
337826.0 9.0 70.0 8.02745690085708
337887.0 9.0 70.0 8.749144395070463
338777.0 9.0 70.0 8.042019024174477
338778.0 9.0 70.0 8.427505034076717
338779.0 9.0 70.0 8.521407233552264
338780.0 9.0 70.0 8.257007293093
339375.0 9.0 70.0 8.036001092488041
339376.0 9.0 70.0 8.14472959708468
339377.0 9.0 70.0 8.374539514508557
339378.0 9.0 70.0 8.45361542824511
339380.0 9.0 70.0 8.401728070278306
339381.0 9.0 70.0 8.473390836340354
339382.0 9.0 70.0 8.053314803451347
339429.0 9.0 70.0 8.053424711869681
339431.0 9.0 70.0 8.61929966581624
336343.0 10.0 70.0 8.000178166833098
336344.0 10.0 70.0 8.115048493544755
336345.0 10.0 70.0 8.480752836642598
336346.0 10.0 70.0 8.738621995150245
336877.0 10.0 70.0 8.64848007312053
336878.0 10.0 70.0 8.92744742900873
336879.0 10.0 70.0 9.867491351419499
336880.0 10.0 70.0 9.855772557530942
336881.0 10.0 70.0 9.799513143930373
336882.0 10.0 70.0 9.422092419668694
336883.0 10.0 70.0 9.009508048269549
336884.0 10.0 70.0 8.882921340411135
337819.0 10.0 70.0 8.163166401667501
337820.0 10.0 70.0 8.779704786330955
337821.0 10.0 70.0 8.557004125589636
337822.0 10.0 70.0 8.571072022372682
337823.0 10.0 70.0 8.866449096409188
337824.0 10.0 70.0 8.796124240055486
337825.0 10.0 70.0 8.048313115207929
337886.0 10.0 70.0 8.728292375486282
337887.0 10.0 70.0 8.41416623327058
338708.0 10.0 70.0 8.289585312568361
338776.0 10.0 70.0 8.463226153095478
338777.0 10.0 70.0 8.524178929064927
338778.0 10.0 70.0 8.521837140173277
338779.0 10.0 70.0 8.725788747938717
338780.0 10.0 70.0 8.540595993877584
338781.0 10.0 70.0 8.228814110077163
339374.0 10.0 70.0 8.056798527829747
339375.0 10.0 70.0 8.610042374178114
339376.0 10.0 70.0 8.401407198861715
339377.0 10.0 70.0 8.806963727195154
339378.0 10.0 70.0 8.441264261289277
339379.0 10.0 70.0 8.48346310239323
339380.0 10.0 70.0 8.907773575927008
339381.0 10.0 70.0 8.656942024110565
339429.0 10.0 70.0 8.277292953457955
339431.0 10.0 70.0 8.279642127398066
336879.0 6.0 80.0 8.091949093994787
336880.0 6.0 80.0 8.364451218220301
336878.0 7.0 80.0 8.65200266381497
336879.0 7.0 80.0 8.609957680828883
336880.0 7.0 80.0 8.660417450161304
336877.0 8.0 80.0 8.745929643335323
336878.0 8.0 80.0 9.139251876903925
336879.0 8.0 80.0 8.911129426612128
336880.0 8.0 80.0 8.659407811129224
338774.0 8.0 80.0 8.051193189906986
336875.0 9.0 80.0 8.379058006363119
336876.0 9.0 80.0 8.697970581176948
336877.0 9.0 80.0 9.231961717243735
336878.0 9.0 80.0 9.424793756204213
336879.0 9.0 80.0 8.927891098819902
336880.0 9.0 80.0 8.655955672170494
337819.0 9.0 80.0 8.035780707639676
337820.0 9.0 80.0 8.048144548061854
338704.0 9.0 80.0 8.24116469168665
338773.0 9.0 80.0 8.342732113318908
338774.0 9.0 80.0 8.278458785011685
339373.0 9.0 80.0 8.23083013078676
339374.0 9.0 80.0 8.277804346576326
339375.0 9.0 80.0 8.05284015163318
339376.0 9.0 80.0 8.270393916027674
339377.0 9.0 80.0 8.270396951840137
336337.0 10.0 80.0 8.052756011977893
336874.0 10.0 80.0 8.673602179381863
336875.0 10.0 80.0 9.2364782594531
336876.0 10.0 80.0 9.18723002311685
336877.0 10.0 80.0 9.524956929372685
336878.0 10.0 80.0 9.440529134664615
336879.0 10.0 80.0 8.936291942887003
336880.0 10.0 80.0 8.624369670469166
337122.0 10.0 80.0 8.092747547189791
337123.0 10.0 80.0 8.015355669512774
337124.0 10.0 80.0 8.005977604794172
337819.0 10.0 80.0 8.32478875685623
337883.0 10.0 80.0 8.25463231132226
338703.0 10.0 80.0 8.018015951571916
338704.0 10.0 80.0 8.58792798325038
338770.0 10.0 80.0 8.13783991674431
338771.0 10.0 80.0 8.097972937350322
338772.0 10.0 80.0 8.468534139492071
338773.0 10.0 80.0 8.567040089909288
338774.0 10.0 80.0 8.524827806686423
338776.0 10.0 80.0 8.093298263940126
339372.0 10.0 80.0 8.489212605536041
339373.0 10.0 80.0 8.67684011703617
339374.0 10.0 80.0 8.507981436614616
339375.0 10.0 80.0 8.447006735355691
339376.0 10.0 80.0 8.744863529956469
339377.0 10.0 80.0 8.397761753628645
338699.0 6.0 90.0 8.054021067958717
339371.0 6.0 90.0 8.258191782469202
339372.0 6.0 90.0 8.264241646847573
338698.0 7.0 90.0 8.330741138718304
338699.0 7.0 90.0 8.526705365405554
339370.0 7.0 90.0 8.1056911430743
339371.0 7.0 90.0 8.847548671963908
339372.0 7.0 90.0 8.122492947537939
338697.0 8.0 90.0 8.235935668532724
338698.0 8.0 90.0 8.793710461108073
338699.0 8.0 90.0 8.340687014820771
338700.0 8.0 90.0 8.01597733462708
338701.0 8.0 90.0 8.186192180742804
338767.0 8.0 90.0 8.092099573679794
339370.0 8.0 90.0 8.706499872979727
339371.0 8.0 90.0 8.71697718568423
339372.0 8.0 90.0 8.033512702284034
336875.0 9.0 90.0 8.399808091432492
337795.0 9.0 90.0 8.301201661013911
338696.0 9.0 90.0 8.23465240358872
338697.0 9.0 90.0 8.708681249333779
338698.0 9.0 90.0 8.634617562505525
338699.0 9.0 90.0 8.69881145148554
338700.0 9.0 90.0 8.614872223567842
338701.0 9.0 90.0 8.101346956610344
338764.0 9.0 90.0 8.12127899384497
338765.0 9.0 90.0 8.370639280236526
338766.0 9.0 90.0 8.454584252756733
338767.0 9.0 90.0 8.427429387608447
339368.0 9.0 90.0 8.204490940246071
339369.0 9.0 90.0 8.582233272879556
339370.0 9.0 90.0 8.624207207187272
339371.0 9.0 90.0 8.62914786228494
336871.0 10.0 90.0 8.015660590782367
336872.0 10.0 90.0 8.221776321249619
336874.0 10.0 90.0 8.252230774463492
336875.0 10.0 90.0 8.238180623203403
337794.0 10.0 90.0 8.210488623968082
337795.0 10.0 90.0 8.704693771599281
338695.0 10.0 90.0 8.192127966636228
338696.0 10.0 90.0 8.707412844563036
338697.0 10.0 90.0 8.587964169695798
338698.0 10.0 90.0 8.983797345841893
338699.0 10.0 90.0 9.25549443972349
338700.0 10.0 90.0 8.536445065579434
338701.0 10.0 90.0 8.330335352216922
338763.0 10.0 90.0 8.529609237543353
338764.0 10.0 90.0 8.536638836546702
338765.0 10.0 90.0 9.150295705603074
338766.0 10.0 90.0 8.777890487097363
338767.0 10.0 90.0 8.677179335499147
339365.0 10.0 90.0 8.020838464496412
339366.0 10.0 90.0 8.166057299341825
339367.0 10.0 90.0 8.353435558379608
339368.0 10.0 90.0 8.789085982007018
339369.0 10.0 90.0 8.536132477509282
339370.0 10.0 90.0 8.57126837154155
339371.0 10.0 90.0 8.33236800847496
339365.0 4.0 100.0 8.282640349065945
338696.0 5.0 100.0 8.049489883627444
339364.0 5.0 100.0 8.653245002340928
339365.0 5.0 100.0 8.398178698967342
338695.0 6.0 100.0 9.225401510401296
339363.0 6.0 100.0 8.10446864203509
339364.0 6.0 100.0 8.80300147190825
339365.0 6.0 100.0 8.458273113664163
337792.0 7.0 100.0 8.275946385376832
338694.0 7.0 100.0 9.164810909999689
338695.0 7.0 100.0 8.817658387328365
338696.0 7.0 100.0 8.196142173727175
338699.0 7.0 100.0 8.352926031499496
338765.0 7.0 100.0 8.285836267073119
339362.0 7.0 100.0 8.185967674515357
339363.0 7.0 100.0 8.339948836855745
339364.0 7.0 100.0 8.883078499613408
339365.0 7.0 100.0 8.180373035165013
336332.0 8.0 100.0 8.031652392052036
336333.0 8.0 100.0 8.070936219801487
337790.0 8.0 100.0 8.026171262549381
337791.0 8.0 100.0 8.324717647408734
337792.0 8.0 100.0 8.382333181156175
337793.0 8.0 100.0 8.219968372584697
338693.0 8.0 100.0 8.768774533951786
338694.0 8.0 100.0 8.83162770157693
338695.0 8.0 100.0 9.292540536276169
338696.0 8.0 100.0 8.572368437778353
338697.0 8.0 100.0 8.370721431914292
338698.0 8.0 100.0 8.234544766035713
338699.0 8.0 100.0 8.150744372146994
338761.0 8.0 100.0 8.17179665496178
338763.0 8.0 100.0 8.271314855235344
338764.0 8.0 100.0 8.695564300057821
338765.0 8.0 100.0 8.177040849203431
339361.0 8.0 100.0 8.455614904220422
339362.0 8.0 100.0 8.439903668818523
339363.0 8.0 100.0 8.487043959802982
339364.0 8.0 100.0 8.63631798116064
336331.0 9.0 100.0 8.255282803069521
336332.0 9.0 100.0 8.141708632910241
336333.0 9.0 100.0 8.275038576705938
336866.0 9.0 100.0 8.036460670785596
336868.0 9.0 100.0 8.125349604731372
337790.0 9.0 100.0 8.919506954515914
337791.0 9.0 100.0 8.452859912871764
337792.0 9.0 100.0 8.909634257397702
338692.0 9.0 100.0 8.669231761666339
338693.0 9.0 100.0 8.51121486954072
338694.0 9.0 100.0 9.311185939537786
338695.0 9.0 100.0 9.614879740508995
338696.0 9.0 100.0 9.039594895836307
338697.0 9.0 100.0 8.884047044881582
338698.0 9.0 100.0 8.081610415393252
338759.0 9.0 100.0 8.252080460097943
338760.0 9.0 100.0 8.802678375526805
338761.0 9.0 100.0 8.261960107317247
338762.0 9.0 100.0 8.3854139056333
338763.0 9.0 100.0 9.160694564777605
338764.0 9.0 100.0 8.600223967475843
338765.0 9.0 100.0 8.481711734147282
339360.0 9.0 100.0 8.085233616151543
339361.0 9.0 100.0 8.70990277048501
339362.0 9.0 100.0 8.603735747542856
339363.0 9.0 100.0 8.309921598008744
339364.0 9.0 100.0 8.445720606750477
339365.0 9.0 100.0 8.011171112282215
336330.0 10.0 100.0 8.182092424678457
336331.0 10.0 100.0 8.371823625480452
336332.0 10.0 100.0 8.355429074263723
336333.0 10.0 100.0 8.645880813004565
336865.0 10.0 100.0 8.105767696538814
336866.0 10.0 100.0 8.304868254135059
336867.0 10.0 100.0 8.321266440624736
337789.0 10.0 100.0 8.849973936758643
337790.0 10.0 100.0 9.03502047345759
337791.0 10.0 100.0 8.974121510587148
337792.0 10.0 100.0 8.57358352449867
338691.0 10.0 100.0 8.743878147419073
338692.0 10.0 100.0 8.455772397160258
338693.0 10.0 100.0 9.008566021656247
338694.0 10.0 100.0 9.643341479353074
338695.0 10.0 100.0 10.029829099389291
338696.0 10.0 100.0 9.516858892406864
338697.0 10.0 100.0 8.729835128760449
338758.0 10.0 100.0 8.263821799395254
338759.0 10.0 100.0 9.301479409319374
338760.0 10.0 100.0 8.879860388424238
338761.0 10.0 100.0 8.67373647192925
338762.0 10.0 100.0 9.24761113981745
338763.0 10.0 100.0 9.071937618524826
338764.0 10.0 100.0 8.891579421058053
338765.0 10.0 100.0 8.472302738295529
338766.0 10.0 100.0 8.195908679105456
339360.0 10.0 100.0 8.37033349152366
339361.0 10.0 100.0 8.87628035972585
339362.0 10.0 100.0 8.454661343814807
339363.0 10.0 100.0 8.171240275293785
339364.0 10.0 100.0 8.480430743858673
